Quality Assurance of Geometric Corrections for the AST_L1T Product

This file contains two sections:
   * A section listing the GLS 2000 Ground Control Points (GCPs)
     that were used in correcting the geometric location of the pixels
     in order to create this AST_L1T product
   * A section that does an independent geometric verification of the corrected
     pixels by comparing the AST_L1T data to a GLS 2000 Standard Scene.

Section One:

'Precision' correction was not achieved.

Section Two:

==============================================================================
==============================================================================
Wed. Apr. 29 2015                  TERRA_ASTER                       Time: 19:12
                                 ASTER L1T PGE
                            GEOMETRIC VERIFY Report
==============================================================================
WRS-2: Path/Row 228/64
Reference Image: GLS 2000 (p228r064_7dt20001006_z21_50.tif)

Pixel dimensions: 30 x 30 meters
Pointing angle:  -5.718 degrees

Color mapping per rank
----------------------
Rank  1 is Green: total residual <= 0.5
Rank  2 is Cyan: 0.5 < total residual <=  1
Rank  3 is Blue:  1 < total residual <=  2
Rank  4 is Yellow:  2 < total residual <=  3
Rank  5 is Red:  3 < total residual

Percentage of residuals by rank
-------------------------------
Rank   1 --  8.6%
Rank   2 -- 14.1%
Rank   3 -- 11.7%
Rank   4 --  1.6%
Rank   5 -- 64.1%

       GCP    Latitude    Longitude  Sample   Line     Total    Rank
        ID                           Residual Residual Residual
              (Degree)    (Degree)   (Pixel)  (Pixel)  (Pixel)
----------------------------------------------------------------------
2280640705   -5.73330    -56.05136    -0.19      0.05     0.19     1 
2280640794   -5.74174    -55.91481   -15.49     -9.96    18.41     5 
2280640991   -5.76825    -56.18785    -0.13     -0.03     0.13     1 
2280641065   -5.77694    -56.19759    -0.44      0.01     0.44     1 
2280641153   -5.78543    -56.07078    19.72     -1.87    19.81     5 
2280641157   -5.78537    -56.03177    18.22     -1.06    18.25     5 
2280641158   -5.78535    -56.02201    18.34     -4.52    18.89     5 
2280641173   -5.78508    -55.87571   -19.17      1.00    19.20     5 
2280641174   -5.78506    -55.86596     4.85     17.69    18.34     5 
2280641175   -5.78504    -55.85621     4.01     16.70    17.17     5 
2280641317   -5.80256    -55.93420    -0.13      0.22     0.25     1 
2280641318   -5.80254    -55.92445     0.06      0.17     0.18     1 
2280641339   -5.80211    -55.71963    15.74      0.42    15.75     5 
2280641413   -5.81082    -55.72936    18.09      7.20    19.47     5 
2280641414   -5.81080    -55.71961    13.65      1.91    13.78     5 
2280641489   -5.81948    -55.71959    -0.49      0.50     0.70     2 
2280641532   -5.82878    -56.03169   -10.10    -17.18    19.93     5 
2280641552   -5.82841    -55.83661    -8.44     12.62    15.18     5 
2280641639   -5.83684    -55.71955     3.07      3.20     4.43     5 
2280641746   -5.85501    -56.13895    -0.93     -0.09     0.94     2 
2280641747   -5.85499    -56.12920    -0.96     -0.10     0.96     2 
2280641775   -5.85450    -55.85607   -11.37    -11.75    16.35     5 
2280641776   -5.85448    -55.84631   -10.28    -13.06    16.62     5 
2280641782   -5.85436    -55.78779     9.44      1.98     9.65     5 
2280641822   -5.86368    -56.12918    -0.50      0.21     0.54     2 
2280641823   -5.86366    -56.11943    -0.39     -0.10     0.40     1 
2280641839   -5.86339    -55.96335    13.80     -9.46    16.73     5 
2280641857   -5.86304    -55.78777    11.40      2.40    11.65     5 
2280641915   -5.87206    -55.95358    13.87    -12.00    18.34     5 
2280641972   -5.88104    -56.12916    -0.48     -0.01     0.48     1 
2280642077   -5.88919    -55.83649     8.20     -3.94     9.10     5 
2280642083   -5.88907    -55.77796    -6.00     -2.33     6.43     5 
2280642113   -5.89854    -56.21693    -8.23     11.10    13.81     5 
2280642114   -5.89853    -56.20718    -8.20     12.33    14.81     5 
2280642137   -5.89816    -55.98280     6.10     14.30    15.54     5 
2280642158   -5.89775    -55.77794    -5.79     -9.14    10.82     5 
2280642263   -5.91591    -56.21691    13.37      9.52    16.41     5 
2280642264   -5.91589    -56.20715    12.54      8.63    15.22     5 
2280642272   -5.91578    -56.12910     2.08     13.97    14.12     5 
2280642289   -5.91549    -55.96325   -11.85      6.60    13.57     5 
2280642290   -5.91547    -55.95350   -13.71     10.01    16.98     5 
2280642338   -5.92459    -56.21690    12.98     11.61    17.41     5 
2280642339   -5.92458    -56.20714    12.66      9.93    16.09     5 
2280642364   -5.92418    -55.96324    -2.84      2.37     3.69     5 
2280642365   -5.92416    -55.95348   -13.91      9.59    16.89     5 
2280642453   -5.93259    -55.82664    -1.04     -0.11     1.04     3 
2280642521   -5.94141    -55.89491   -14.52     10.82    18.11     5 
2280642528   -5.94127    -55.82662    -1.05     -0.03     1.05     3 
2280642595   -5.95011    -55.90465   -16.15      9.26    18.62     5 
2280642603   -5.94995    -55.82660    -0.85     -0.05     0.85     2 
2280642612   -5.94976    -55.73880   -15.91      8.68    18.12     5 
2280642679   -5.95861    -55.81683   -16.80      8.26    18.72     5 
2280642720   -5.96791    -56.14854    11.26    -15.52    19.17     5 
2280642721   -5.96789    -56.13878    12.56    -15.29    19.79     5 
2280642728   -5.96778    -56.07048   -11.55    -10.71    15.75     5 
2280642791   -5.97665    -56.18755    -5.92      9.94    11.57     5 
2280642803   -5.97647    -56.07046   -10.81    -10.65    15.18     5 
2280642938   -5.99406    -56.21680   -18.50     -3.16    18.77     5 
2280643014   -6.00273    -56.20703   -12.89     10.95    16.91     5 
2280643017   -6.00269    -56.17775   -11.26     -7.52    13.54     5 
2280643051   -6.00209    -55.84600    -0.74     -0.09     0.75     2 
2280643052   -6.00207    -55.83625    -1.09      0.14     1.10     3 
2280643089   -6.01142    -56.20702   -15.57     11.91    19.61     5 
2280643126   -6.01077    -55.84599    -1.15     -0.07     1.15     3 
2280643127   -6.01075    -55.83623    -1.06      0.08     1.06     3 
2280643161   -6.02014    -56.23628   -15.90     -3.64    16.31     5 
2280643201   -6.01945    -55.84597    -1.01     -0.10     1.02     3 
2280643202   -6.01943    -55.83621    -1.10     -0.10     1.11     3 
2280643275   -6.02816    -55.85571    -0.76      0.17     0.77     2 
2280643276   -6.02814    -55.84595    -1.02     -0.01     1.02     3 
2280643277   -6.02812    -55.83619    -0.99     -0.11     1.00     2 
2280643350   -6.03684    -55.85569    -0.86      0.13     0.87     2 
2280643351   -6.03682    -55.84593    -1.02      0.01     1.02     3 
2280643352   -6.03680    -55.83617    -0.98     -0.01     0.98     2 
2280643401   -6.04597    -56.08986    16.69      5.11    17.46     5 
2280643425   -6.04552    -55.85567    -0.88     -0.03     0.88     2 
2280643426   -6.04550    -55.84591    -1.10     -0.13     1.11     3 
2280643427   -6.04548    -55.83616    -1.11     -0.12     1.12     3 
2280643473   -6.05470    -56.11912    14.46    -12.15    18.88     5 
2280643476   -6.05465    -56.08985    14.44      5.75    15.54     5 
2280643483   -6.05453    -56.02154   -13.72     -2.99    14.05     5 
2280643500   -6.05421    -55.85565    -0.20      0.40     0.45     1 
2280643547   -6.06340    -56.12887    12.86    -13.23    18.45     5 
2280643548   -6.06338    -56.11911    14.30    -13.22    19.48     5 
2280643573   -6.06293    -55.87515    -0.32      0.21     0.38     1 
2280643624   -6.07205    -56.10934    16.00     -3.27    16.33     5 
2280643625   -6.07203    -56.09958     8.55      1.15     8.62     5 
2280643687   -6.08091    -56.22643    -3.36     -4.92     5.96     5 
2280643808   -6.08877    -55.77751    -0.42     -2.54     2.58     4 
2280643842   -6.09821    -56.17761   -11.34     12.97    17.23     5 
2280643883   -6.09745    -55.77749     8.15     -9.62    12.61     5 
2280643950   -6.10630    -55.85554    -0.45     -0.02     0.45     1 
2280643951   -6.10628    -55.84578     0.59      0.20     0.63     2 
2280643952   -6.10626    -55.83602     1.95     -0.59     2.04     4 
2280643994   -6.11554    -56.15807     9.55     -8.27    12.63     5 
2280644027   -6.11494    -55.83601     1.53      5.87     6.07     5 
2280644284   -6.15042    -56.25562    -6.89     15.95    17.37     5 
2280644329   -6.14963    -55.81641    15.09     12.96    19.89     5 
2280644360   -6.15909    -56.24584    -6.81     17.82    19.08     5 
2280644394   -6.15852    -55.91399    -0.06      0.10     0.12     1 
2280644402   -6.15836    -55.83591     0.09    -16.63    16.63     5 
2280644404   -6.15831    -55.81639    -0.51      0.80     0.95     2 
2280644436   -6.16776    -56.23607     9.17      8.44    12.47     5 
2280644456   -6.16745    -56.04086    15.06      5.20    15.93     5 
2280644478   -6.16702    -55.82613    -1.04     -1.07     1.49     3 
2280644479   -6.16700    -55.81637    -0.88      0.10     0.89     2 
2280644511   -6.17645    -56.23606    15.38      6.36    16.64     5 
2280644518   -6.17634    -56.16773    -8.26      4.24     9.29     5 
2280644531   -6.17613    -56.04084    11.49     13.89    18.03     5 
2280644553   -6.17570    -55.82611    15.45     -5.23    16.31     5 
2280644554   -6.17568    -55.81635    -2.43     -2.72     3.65     5 
2280644606   -6.18481    -56.04082    11.47     15.00    18.88     5 
2280644610   -6.18474    -56.00178    -5.78    -14.69    15.79     5 
2280644612   -6.18470    -55.98226    -0.81      0.16     0.83     2 
2280644617   -6.18461    -55.93346    -0.48      0.21     0.52     2 
2280644625   -6.18445    -55.85538    -7.35    -17.60    19.07     5 
2280644628   -6.18438    -55.82610    14.80     -6.67    16.23     5 
2280644660   -6.19383    -56.24579     4.78      4.28     6.41     5 
2280644687   -6.19339    -55.98224    -1.03      0.15     1.04     3 
2280644690   -6.19333    -55.95296    -0.69      0.21     0.72     2 
2280644692   -6.19329    -55.93344    -0.58     -0.00     0.58     2 
2280644700   -6.19313    -55.85536    -7.30    -16.37    17.92     5 
2280644762   -6.20207    -55.98223    -1.24      0.08     1.24     3 
2280644765   -6.20201    -55.95294    -1.18     -0.07     1.18     3 
2280644904   -6.21958    -56.06028    16.92      7.92    18.69     5 
2280645080   -6.23643    -55.80646   -12.62      5.65    13.83     5 
2280645211   -6.25419    -55.99189     8.89     -3.61     9.60     5 
2280645212   -6.25417    -55.98213     8.19     -4.66     9.42     5 
----------------------------------------------------------------------
---------------------------------------------------
Total correlated GCPs in Upper Left Quadrant: 26

GCP statistics this quadrant only (in Pixels)
Line residual statistics:
  Mean: 3.253
  Median: -0.159
  Standard Deviation: 9.701

Sample residual statistics:
  Mean: 2.478
  Median: 0.130
  Standard Deviation: 7.886

Quadrant RMSE: 13.154

---------------------------------------------------
Total correlated GCPs in Upper Right Quadrant: 26

GCP statistics this quadrant only (in Pixels)
Line residual statistics:
  Mean: -2.644
  Median: -1.045
  Standard Deviation: 10.921

Sample residual statistics:
  Mean: 2.386
  Median: 1.457
  Standard Deviation: 7.919

Quadrant RMSE: 13.952

---------------------------------------------------
Total correlated GCPs in Lower Left Quadrant: 31

GCP statistics this quadrant only (in Pixels)
Line residual statistics:
  Mean: 2.005
  Median: 8.546
  Standard Deviation: 12.277

Sample residual statistics:
  Mean: 1.043
  Median: 4.240
  Standard Deviation: 10.121

Quadrant RMSE: 16.071

---------------------------------------------------
Total correlated GCPs in Lower Right Quadrant: 45

GCP statistics this quadrant only (in Pixels)
Line residual statistics:
  Mean: 0.323
  Median: -0.863
  Standard Deviation: 5.226

Sample residual statistics:
  Mean: -1.672
  Median: -0.018
  Standard Deviation: 5.566

Quadrant RMSE: 7.823

---------------------------------------------------
---------------------------------------------------
Total correlated GCPs in scene: 128

GCP statistics entire scene (in Pixels)
Line residual statistics:
  Mean: 0.723
  Median: -0.635
  Standard Deviation: 9.670

Sample residual statistics:
  Mean: 0.653
  Median: 0.082
  Standard Deviation: 8.019

Scene RMSE: 12.600

