Quality Assurance of Geometric Corrections for the AST_L1T Product

This file contains two sections:
   * A section listing the GLS 2000 Ground Control Points (GCPs)
     that were used in correcting the geometric location of the pixels
     in order to create this AST_L1T product
   * A section that does an independent geometric verification of the corrected
     pixels by comparing the AST_L1T data to a GLS 2000 Standard Scene.

Section One:

'Precision' correction was not achieved.

Section Two:

==============================================================================
==============================================================================
Sun. Apr. 26 2015                  TERRA_ASTER                       Time: 17:20
                                 ASTER L1T PGE
                            GEOMETRIC VERIFY Report
==============================================================================
WRS-2: Path/Row 228/64
Reference Image: GLS 2000 (p228r064_7dt20001006_z21_50.tif)

Pixel dimensions: 30 x 30 meters
Pointing angle:   8.589 degrees

Color mapping per rank
----------------------
Rank  1 is Green: total residual <= 0.5
Rank  2 is Cyan: 0.5 < total residual <=  1
Rank  3 is Blue:  1 < total residual <=  2
Rank  4 is Yellow:  2 < total residual <=  3
Rank  5 is Red:  3 < total residual

Percentage of residuals by rank
-------------------------------
Rank   1 --  0.0%
Rank   2 --  1.4%
Rank   3 --  5.5%
Rank   4 --  0.7%
Rank   5 -- 92.5%

       GCP    Latitude    Longitude  Sample   Line     Total    Rank
        ID                           Residual Residual Residual
              (Degree)    (Degree)   (Pixel)  (Pixel)  (Pixel)
----------------------------------------------------------------------
2280640016   -5.95599    -56.36240    -4.10     19.47    19.89     5 
2280640400   -5.99930    -56.27453    13.48      7.46    15.41     5 
2280640474   -6.00799    -56.28427     0.56     16.33    16.34     5 
2280640475   -6.00798    -56.27452    -0.89      4.66     4.75     5 
2280640489   -6.00778    -56.13790   -13.12    -13.10    18.54     5 
2280640622   -6.02539    -56.30377   -14.45      7.36    16.21     5 
2280640626   -6.02534    -56.26473   -11.58      2.35    11.81     5 
2280640641   -6.02512    -56.11836    -0.83    -16.69    16.71     5 
2280640728   -6.03360    -56.00125    -8.33     15.88    17.93     5 
2280640796   -6.04240    -56.06954    16.62      4.12    17.12     5 
2280640797   -6.04239    -56.05978    14.30     -5.72    15.40     5 
2280640810   -6.04215    -55.93293   -11.50     -4.41    12.31     5 
2280640819   -6.04197    -55.84511    -0.75     -0.09     0.75     2 
2280640864   -6.05120    -56.13783    12.02     -8.50    14.72     5 
2280640947   -6.05975    -56.05975   -16.82     -9.91    19.52     5 
2280641009   -6.06864    -56.18660     8.63     10.85    13.86     5 
2280641090   -6.07723    -56.12803    -2.79      9.62    10.01     5 
2280641091   -6.07722    -56.11827    -3.79     13.16    13.70     5 
2280641115   -6.07679    -55.88407   -13.65    -14.28    19.75     5 
2280641195   -6.08537    -55.83526     3.83     -2.46     4.55     5 
2280641268   -6.09409    -55.85475   -11.50     -0.38    11.51     5 
2280641269   -6.09407    -55.84500   -11.93      0.51    11.94     5 
2280641370   -6.11225    -56.32318    10.86     11.47    15.79     5 
2280641406   -6.11169    -55.97183     3.41      4.16     5.38     5 
2280641417   -6.11148    -55.86448    -3.59      4.96     6.12     5 
2280641418   -6.11146    -55.85472    -3.65      4.40     5.72     5 
2280641443   -6.12096    -56.34269   -14.13      3.58    14.58     5 
2280641444   -6.12095    -56.33293   -15.29      5.97    16.41     5 
2280641445   -6.12093    -56.32317    11.11      3.98    11.80     5 
2280641481   -6.12038    -55.97181    14.01     -0.76    14.03     5 
2280641492   -6.12016    -55.86446     3.60      4.70     5.92     5 
2280641493   -6.12014    -55.85470     1.80      4.93     5.25     5 
2280641496   -6.12007    -55.82542    -4.16     10.30    11.11     5 
2280641497   -6.12005    -55.81566    -3.66      3.90     5.35     5 
2280641629   -6.13778    -55.99130     9.97    -11.84    15.48     5 
2280641635   -6.13767    -55.93274     6.19      2.11     6.54     5 
2280641676   -6.14691    -56.26457   -11.06    -15.91    19.38     5 
2280641699   -6.14655    -56.04008     8.91     12.26    15.15     5 
2280641703   -6.14648    -56.00104     2.11    -17.24    17.37     5 
2280641722   -6.14610    -55.81561    -3.20     -3.77     4.95     5 
2280641764   -6.15540    -56.13767    -4.05     13.80    14.38     5 
2280641793   -6.15487    -55.85463    11.42      5.99    12.89     5 
2280641818   -6.16438    -56.34263    18.20     -8.16    19.95     5 
2280641871   -6.16349    -55.82533    -0.77      0.20     0.80     2 
2280641889   -6.17311    -56.38167    12.47      5.97    13.82     5 
2280641890   -6.17310    -56.37190    13.45      7.09    15.20     5 
2280641927   -6.17255    -56.01075    -9.35     -1.77     9.51     5 
2280641946   -6.17217    -55.82531    -1.49     -0.27     1.52     3 
2280641965   -6.18178    -56.37190    12.00      9.25    15.15     5 
2280642000   -6.18127    -56.03026     6.39    -11.18    12.88     5 
2280642002   -6.18123    -56.01073    -8.99     -0.55     9.01     5 
2280642068   -6.19007    -56.09857     7.25    -14.29    16.02     5 
2280642077   -6.18991    -56.01072    -1.14      0.13     1.15     3 
2280642126   -6.19901    -56.26450    13.02      7.33    14.94     5 
2280642134   -6.19890    -56.18640     1.23    -14.15    14.21     5 
2280642143   -6.19875    -56.09855     8.33    -15.18    17.31     5 
2280642302   -6.21596    -56.01067    -9.42    -17.35    19.74     5 
2280642312   -6.21577    -55.91306   -14.67     -2.53    14.89     5 
2280642343   -6.22516    -56.34256    -7.13     11.78    13.77     5 
2280642378   -6.22463    -56.00089   -19.70     -0.02    19.70     5 
2280642385   -6.22449    -55.93256    13.20     -5.86    14.44     5 
2280642419   -6.23384    -56.33278    18.49      6.98    19.76     5 
2280642458   -6.23322    -55.95207    -4.21    -18.17    18.65     5 
2280642518   -6.24217    -56.09848     2.71    -10.87    11.20     5 
2280642519   -6.24215    -56.08872     0.83    -10.42    10.46     5 
2280642593   -6.25085    -56.09846     4.12    -12.15    12.83     5 
2280642646   -6.25986    -56.31323   -11.71     -1.58    11.82     5 
2280642657   -6.25971    -56.20584     9.36     -0.21     9.36     5 
2280642688   -6.25917    -55.90321   -12.17    -13.75    18.36     5 
2280642694   -6.25904    -55.84464   -17.78      1.36    17.83     5 
2280642695   -6.25902    -55.83488   -17.57     -2.88    17.80     5 
2280642732   -6.26839    -56.20582     6.56     10.52    12.39     5 
2280642770   -6.26770    -55.83486   -15.91     -3.36    16.27     5 
2280642788   -6.27733    -56.39131   -12.50     -0.34    12.50     5 
2280642813   -6.27698    -56.14723   -17.25     -8.15    19.08     5 
2280642826   -6.27676    -56.02032   -11.29    -14.10    18.06     5 
2280642837   -6.27655    -55.91293    -5.40     -0.99     5.49     5 
2280642863   -6.28601    -56.39130   -13.28      0.10    13.28     5 
2280642912   -6.28523    -55.91292    -3.68     -2.15     4.26     5 
2280642987   -6.29392    -55.91290   -10.66     -0.84    10.69     5 
2280643029   -6.30317    -56.23506   -18.33     -4.55    18.89     5 
2280643030   -6.30316    -56.22530    16.35      6.46    17.58     5 
2280643031   -6.30314    -56.21553    13.77     -5.05    14.67     5 
2280643105   -6.31184    -56.22528    14.67      5.81    15.78     5 
2280643110   -6.31177    -56.17647     7.11      4.12     8.22     5 
2280643165   -6.32072    -56.37173     5.06     10.14    11.33     5 
2280643180   -6.32052    -56.22527     8.24     -0.07     8.24     5 
2280643213   -6.31994    -55.90308   -11.07      9.35    14.49     5 
2280643313   -6.33811    -56.39124   -17.47      6.40    18.60     5 
2280643408   -6.34653    -56.19594     6.30      9.82    11.67     5 
2280643438   -6.34599    -55.90303    -0.92      6.49     6.56     5 
2280643483   -6.35521    -56.19593     5.92     10.07    11.69     5 
2280643493   -6.35505    -56.09828     5.55     -9.08    10.64     5 
2280643505   -6.35483    -55.98112    10.17      8.10    13.00     5 
2280643549   -6.36403    -56.28379    -1.01      2.39     2.59     4 
2280643625   -6.37270    -56.27402    -1.30      0.17     1.31     3 
2280643628   -6.37265    -56.24472    -3.47    -18.42    18.74     5 
2280643637   -6.37252    -56.15684    -7.44    -17.48    18.99     5 
2280643700   -6.38138    -56.27401    -1.29      0.19     1.30     3 
2280643703   -6.38134    -56.24471    -3.90    -18.52    18.92     5 
2280643945   -6.40712    -56.07866     9.56    -12.42    15.67     5 
2280643997   -6.41615    -56.30325    16.27      9.54    18.86     5 
2280644019   -6.41582    -56.08841     1.81      3.71     4.13     5 
2280644072   -6.42484    -56.30324    16.48      9.51    19.03     5 
2280644107   -6.42426    -55.96145   -15.72     -7.71    17.50     5 
2280644165   -6.43325    -56.12744     7.39      0.61     7.42     5 
2280644172   -6.43313    -56.05909    19.37      0.42    19.37     5 
2280644247   -6.44182    -56.05907    19.86      2.08    19.97     5 
2280644257   -6.44163    -55.96141     6.36     -0.12     6.36     5 
2280644371   -6.45959    -56.31296    -1.10     11.60    11.65     5 
2280644416   -6.45880    -55.87349     8.77    -10.32    13.54     5 
2280644475   -6.46781    -56.02972    -8.31    -11.21    13.96     5 
2280644511   -6.47708    -56.41061    10.87     -7.47    13.19     5 
2280644531   -6.47681    -56.21527     3.90     17.87    18.29     5 
2280644587   -6.48575    -56.40083    12.15     -6.97    14.01     5 
2280644597   -6.48562    -56.30316    15.58     -5.37    16.48     5 
2280644603   -6.48554    -56.24456    -9.60    -14.71    17.56     5 
2280644662   -6.49443    -56.40082    -3.91    -10.30    11.02     5 
2280644688   -6.49407    -56.14687   -12.41     -9.47    15.61     5 
2280644689   -6.49405    -56.13711   -12.13     -9.60    15.47     5 
2280644691   -6.49402    -56.11757     5.69    -13.49    14.64     5 
2280644692   -6.49400    -56.10781    10.37    -13.23    16.81     5 
2280644707   -6.49372    -55.96131     3.30      9.77    10.32     5 
2280644758   -6.50283    -56.19569    -7.69    -13.31    15.37     5 
2280644764   -6.50274    -56.13709    -0.04    -18.07    18.07     5 
2280644767   -6.50268    -56.10779     3.04    -13.58    13.92     5 
2280644778   -6.50248    -56.00036    -2.23     -7.39     7.72     5 
2280644789   -6.50226    -55.89292    12.31     -2.79    12.62     5 
2280644826   -6.51162    -56.26405     1.59      5.99     6.20     5 
2280644860   -6.51103    -55.93197    -7.55     17.69    19.23     5 
2280644907   -6.52022    -56.20543     6.43     -1.73     6.66     5 
2280644908   -6.52020    -56.19567     4.55      5.19     6.90     5 
2280644938   -6.51965    -55.90265    -0.47     -5.78     5.80     5 
2280644981   -6.52891    -56.21519     8.19      1.08     8.26     5 
2280644982   -6.52890    -56.20542     5.89     -2.08     6.25     5 
2280644983   -6.52888    -56.19565     3.57      2.81     4.54     5 
2280644984   -6.52887    -56.18588     4.95      3.13     5.86     5 
2280645056   -6.53760    -56.21517   -10.30     -5.18    11.53     5 
2280645159   -6.54578    -55.94167    -1.08     -0.48     1.18     3 
2280645232   -6.55450    -55.96118   -11.57      7.98    14.05     5 
2280645233   -6.55448    -55.95141    -1.71     -0.13     1.71     3 
2280645293   -6.56345    -56.09792     0.94     -1.58     1.84     3 
2280645359   -6.57228    -56.18581   -14.92      2.38    15.11     5 
2280645367   -6.57215    -56.10767     1.54     -1.12     1.91     3 
2280645386   -6.57179    -55.92207    -4.56     15.81    16.45     5 
2280645461   -6.58047    -55.92206    -3.38     17.44    17.76     5 
----------------------------------------------------------------------
---------------------------------------------------
Total correlated GCPs in Upper Left Quadrant: 28

GCP statistics this quadrant only (in Pixels)
Line residual statistics:
  Mean: 1.610
  Median: 0.897
  Standard Deviation: 11.153

Sample residual statistics:
  Mean: 3.022
  Median: 6.474
  Standard Deviation: 9.543

Quadrant RMSE: 15.073

---------------------------------------------------
Total correlated GCPs in Upper Right Quadrant: 47

GCP statistics this quadrant only (in Pixels)
Line residual statistics:
  Mean: -2.171
  Median: -3.201
  Standard Deviation: 9.412

Sample residual statistics:
  Mean: -3.112
  Median: -0.988
  Standard Deviation: 8.068

Quadrant RMSE: 12.965

---------------------------------------------------
Total correlated GCPs in Lower Left Quadrant: 37

GCP statistics this quadrant only (in Pixels)
Line residual statistics:
  Mean: 1.717
  Median: 3.902
  Standard Deviation: 9.749

Sample residual statistics:
  Mean: -0.290
  Median: 0.170
  Standard Deviation: 8.787

Quadrant RMSE: 13.240

---------------------------------------------------
Total correlated GCPs in Lower Right Quadrant: 29

GCP statistics this quadrant only (in Pixels)
Line residual statistics:
  Mean: 0.779
  Median: -0.043
  Standard Deviation: 9.023

Sample residual statistics:
  Mean: -1.265
  Median: -0.480
  Standard Deviation: 9.762

Quadrant RMSE: 13.377

---------------------------------------------------
---------------------------------------------------
Total correlated GCPs in scene: 146

GCP statistics entire scene (in Pixels)
Line residual statistics:
  Mean: 0.031
  Median: -0.610
  Standard Deviation: 9.972

Sample residual statistics:
  Mean: -0.699
  Median: -0.107
  Standard Deviation: 9.224

Scene RMSE: 13.602

