Quality Assurance of Geometric Corrections for the AST_L1T Product

This file contains two sections:
   * A section listing the GLS 2000 Ground Control Points (GCPs)
     that were used in correcting the geometric location of the pixels
     in order to create this AST_L1T product
   * A section that does an independent geometric verification of the corrected
     pixels by comparing the AST_L1T data to a GLS 2000 Standard Scene.

Section One:

'Precision' correction was not achieved.

Section Two:

==============================================================================
==============================================================================
Sun. May. 10 2015                  TERRA_ASTER                       Time: 19:00
                                 ASTER L1T PGE
                            GEOMETRIC VERIFY Report
==============================================================================
WRS-2: Path/Row 228/64
Reference Image: GLS 2000 (p228r064_7dt20001006_z21_50.tif)

Pixel dimensions: 30 x 30 meters
Pointing angle:  -5.729 degrees

Color mapping per rank
----------------------
Rank  1 is Green: total residual <= 0.5
Rank  2 is Cyan: 0.5 < total residual <=  1
Rank  3 is Blue:  1 < total residual <=  2
Rank  4 is Yellow:  2 < total residual <=  3
Rank  5 is Red:  3 < total residual

Percentage of residuals by rank
-------------------------------
Rank   1 --  0.0%
Rank   2 -- 69.2%
Rank   3 -- 30.8%
Rank   4 --  0.0%
Rank   5 --  0.0%

       GCP    Latitude    Longitude  Sample   Line     Total    Rank
        ID                           Residual Residual Residual
              (Degree)    (Degree)   (Pixel)  (Pixel)  (Pixel)
----------------------------------------------------------------------
2280640168   -5.67915    -56.12703     0.25     -0.86     0.90     2 
2280640169   -5.67913    -56.11728    -0.04     -0.89     0.89     2 
2280640244   -5.68782    -56.11726    -0.09     -0.92     0.93     2 
2280640245   -5.68780    -56.10751    -0.20     -0.98     1.00     2 
2280640249   -5.68774    -56.06850     0.47     -0.89     1.01     3 
2280640250   -5.68772    -56.05875     0.21     -0.92     0.94     2 
2280640316   -5.69655    -56.14651     0.21     -0.92     0.95     2 
2280640319   -5.69650    -56.11725     0.07     -0.94     0.94     2 
2280640320   -5.69649    -56.10750    -0.11     -0.96     0.97     2 
2280640321   -5.69647    -56.09775    -0.29     -0.94     0.98     2 
2280640325   -5.69641    -56.05874     0.26     -0.93     0.97     2 
2280640326   -5.69639    -56.04898     0.20     -0.90     0.92     2 
2280640327   -5.69638    -56.03923     0.41     -0.86     0.95     2 
2280640328   -5.69636    -56.02948     0.41     -0.83     0.92     2 
2280640329   -5.69634    -56.01973     0.18     -0.87     0.88     2 
2280640330   -5.69633    -56.00997     0.14     -0.89     0.91     2 
2280640331   -5.69631    -56.00022     0.14     -0.89     0.90     2 
2280640391   -5.70523    -56.14649     0.27     -0.95     0.99     2 
2280640392   -5.70521    -56.13674     0.32     -0.97     1.02     3 
2280640393   -5.70520    -56.12699     0.22     -0.99     1.01     3 
2280640394   -5.70518    -56.11724     0.16     -0.97     0.98     2 
2280640395   -5.70517    -56.10748     0.20     -0.93     0.95     2 
2280640396   -5.70515    -56.09773    -0.24     -0.95     0.98     2 
2280640397   -5.70514    -56.08798    -0.37     -1.03     1.10     3 
2280640398   -5.70512    -56.07823    -0.08     -1.02     1.02     3 
2280640399   -5.70511    -56.06847     0.39     -0.89     0.97     2 
2280640400   -5.70509    -56.05872     0.33     -0.92     0.97     2 
2280640401   -5.70507    -56.04897     0.26     -0.90     0.93     2 
2280640402   -5.70506    -56.03922     0.37     -0.86     0.94     2 
2280640403   -5.70504    -56.02947     0.37     -0.82     0.90     2 
2280640404   -5.70503    -56.01971     0.27     -0.88     0.92     2 
2280640405   -5.70501    -56.00996     0.23     -0.86     0.89     2 
2280640406   -5.70499    -56.00021     0.20     -0.87     0.89     2 
2280640407   -5.70498    -55.99046     0.18     -0.84     0.85     2 
2280640411   -5.70491    -55.95145     0.28     -0.80     0.84     2 
2280640412   -5.70489    -55.94170     0.31     -0.79     0.84     2 
2280640468   -5.71388    -56.12698     0.24     -0.92     0.95     2 
2280640469   -5.71387    -56.11722     0.23     -0.95     0.98     2 
2280640470   -5.71385    -56.10747     0.18     -0.98     0.99     2 
2280640471   -5.71384    -56.09772     0.16     -0.96     0.97     2 
2280640472   -5.71382    -56.08796     0.06     -0.96     0.96     2 
2280640473   -5.71381    -56.07821    -0.09     -1.00     1.00     3 
2280640474   -5.71379    -56.06846    -0.13     -0.98     0.99     2 
2280640475   -5.71378    -56.05871     0.01     -0.97     0.97     2 
2280640476   -5.71376    -56.04895     0.22     -0.89     0.92     2 
2280640477   -5.71374    -56.03920     0.17     -0.88     0.89     2 
2280640478   -5.71373    -56.02945     0.29     -0.85     0.90     2 
2280640479   -5.71371    -56.01970     0.37     -0.86     0.94     2 
2280640480   -5.71369    -56.00995     0.38     -0.82     0.90     2 
2280640485   -5.71361    -55.96118     0.24     -0.76     0.80     2 
2280640486   -5.71359    -55.95143     0.37     -0.77     0.86     2 
2280640487   -5.71357    -55.94168     0.33     -0.77     0.84     2 
2280640490   -5.71352    -55.91242     0.26     -0.73     0.78     2 
2280640543   -5.72257    -56.12696     0.20     -0.93     0.95     2 
2280640544   -5.72255    -56.11721     0.15     -0.95     0.96     2 
2280640545   -5.72254    -56.10746     0.09     -1.00     1.01     3 
2280640546   -5.72252    -56.09770     0.13     -0.96     0.97     2 
2280640547   -5.72250    -56.08795     0.17     -0.94     0.95     2 
2280640548   -5.72249    -56.07820     0.04     -0.96     0.96     2 
2280640549   -5.72247    -56.06845    -0.10     -0.99     0.99     2 
2280640550   -5.72246    -56.05869    -0.09     -1.00     1.01     3 
2280640551   -5.72244    -56.04894     0.11     -0.95     0.95     2 
2280640552   -5.72243    -56.03919     0.22     -0.92     0.95     2 
2280640553   -5.72241    -56.02943     0.19     -0.93     0.95     2 
2280640554   -5.72239    -56.01968     0.23     -0.88     0.91     2 
2280640555   -5.72238    -56.00993     0.34     -0.82     0.89     2 
2280640560   -5.72229    -55.96117     0.39     -0.77     0.86     2 
2280640561   -5.72227    -55.95142     0.39     -0.81     0.90     2 
2280640562   -5.72225    -55.94166     0.25     -0.79     0.83     2 
2280640570   -5.72210    -55.86365     0.16     -0.71     0.73     2 
2280640571   -5.72208    -55.85389    -0.39     -0.85     0.93     2 
2280640572   -5.72207    -55.84414    -0.47     -0.79     0.92     2 
2280640573   -5.72205    -55.83439    -0.47     -0.75     0.89     2 
2280640574   -5.72203    -55.82464    -0.35     -0.77     0.84     2 
2280640615   -5.73129    -56.15621     0.08     -1.01     1.01     3 
2280640616   -5.73128    -56.14646     0.09     -0.95     0.95     2 
2280640618   -5.73125    -56.12695     0.26     -0.98     1.02     3 
2280640619   -5.73123    -56.11720     0.10     -1.05     1.05     3 
2280640621   -5.73120    -56.09769     0.04     -0.97     0.97     2 
2280640622   -5.73119    -56.08794     0.24     -0.96     0.99     2 
2280640623   -5.73117    -56.07818     0.30     -0.96     1.01     3 
2280640624   -5.73116    -56.06843     0.31     -0.93     0.98     2 
2280640625   -5.73114    -56.05868    -0.08     -0.99     1.00     2 
2280640626   -5.73113    -56.04893     0.10     -0.95     0.96     2 
2280640627   -5.73111    -56.03917     0.33     -0.94     0.99     2 
2280640630   -5.73106    -56.00991     0.26     -0.98     1.01     3 
2280640635   -5.73097    -55.96115     0.31     -0.82     0.88     2 
2280640636   -5.73095    -55.95140     0.32     -0.89     0.94     2 
2280640637   -5.73094    -55.94165     0.21     -0.85     0.88     2 
2280640648   -5.73073    -55.83437    -0.43     -0.86     0.96     2 
2280640649   -5.73071    -55.82462    -0.26     -0.86     0.90     2 
2280640690   -5.73998    -56.15619     0.17     -0.95     0.96     2 
2280640696   -5.73989    -56.09768     0.08     -0.97     0.97     2 
2280640697   -5.73987    -56.08792     0.22     -0.97     0.99     2 
2280640698   -5.73986    -56.07817     0.28     -0.96     1.00     2 
2280640701   -5.73981    -56.04891     0.08     -0.96     0.97     2 
2280640702   -5.73979    -56.03916     0.21     -0.97     0.99     2 
2280640705   -5.73974    -56.00990     0.17     -0.97     0.99     2 
2280640706   -5.73972    -56.00015     0.16     -0.85     0.87     2 
2280640708   -5.73969    -55.98064     0.14     -0.89     0.90     2 
2280640709   -5.73967    -55.97089     0.12     -0.85     0.86     2 
2280640710   -5.73966    -55.96114     0.16     -0.83     0.85     2 
2280640711   -5.73964    -55.95138     0.27     -0.89     0.93     2 
2280640712   -5.73962    -55.94163     0.18     -0.87     0.89     2 
2280640723   -5.73941    -55.83436    -0.19     -0.93     0.95     2 
2280640724   -5.73939    -55.82460    -0.19     -0.97     0.99     2 
2280640765   -5.74866    -56.15618     0.26     -0.93     0.97     2 
2280640771   -5.74857    -56.09766     0.17     -0.94     0.96     2 
2280640772   -5.74856    -56.08791     0.18     -0.95     0.97     2 
2280640773   -5.74854    -56.07816     0.03     -1.04     1.04     3 
2280640778   -5.74846    -56.02939     0.09     -0.95     0.95     2 
2280640779   -5.74844    -56.01964     0.03     -0.92     0.92     2 
2280640780   -5.74843    -56.00988     0.19     -0.90     0.92     2 
2280640782   -5.74839    -55.99038     0.14     -0.87     0.88     2 
2280640783   -5.74837    -55.98063     0.22     -0.90     0.93     2 
2280640784   -5.74836    -55.97087     0.20     -0.85     0.88     2 
2280640785   -5.74834    -55.96112     0.16     -0.86     0.88     2 
2280640798   -5.74809    -55.83434    -0.44     -0.92     1.02     3 
2280640799   -5.74807    -55.82458    -0.45     -0.88     0.99     2 
2280640800   -5.74805    -55.81483    -0.27     -0.87     0.91     2 
2280640842   -5.75732    -56.13666     0.14     -0.99     1.00     3 
2280640843   -5.75730    -56.12691     0.05     -0.98     0.98     2 
2280640853   -5.75714    -56.02938    -0.01     -0.99     0.99     2 
2280640854   -5.75713    -56.01962    -0.01     -0.98     0.98     2 
2280640855   -5.75711    -56.00987     0.16     -0.96     0.97     2 
2280640857   -5.75708    -55.99036     0.13     -0.88     0.89     2 
2280640858   -5.75706    -55.98061     0.15     -0.90     0.91     2 
2280640859   -5.75704    -55.97086     0.19     -0.91     0.93     2 
2280640860   -5.75702    -55.96111     0.14     -0.94     0.95     2 
2280640874   -5.75676    -55.82457    -0.46     -0.89     1.00     2 
2280640875   -5.75674    -55.81482    -0.39     -0.87     0.96     2 
2280640928   -5.76583    -56.02936    -0.03     -0.94     0.94     2 
2280640929   -5.76581    -56.01961    -0.06     -0.92     0.92     2 
2280640930   -5.76579    -56.00986     0.11     -0.95     0.96     2 
2280640931   -5.76577    -56.00010     0.10     -0.94     0.95     2 
2280640932   -5.76576    -55.99035     0.12     -0.91     0.92     2 
2280640933   -5.76574    -55.98060     0.10     -0.92     0.93     2 
2280640934   -5.76572    -55.97084     0.12     -0.93     0.93     2 
2280640935   -5.76570    -55.96109     0.11     -0.94     0.95     2 
2280640950   -5.76542    -55.81480    -0.37     -0.91     0.98     2 
2280640951   -5.76540    -55.80504    -0.32     -0.97     1.02     3 
2280640952   -5.76538    -55.79529    -0.37     -0.88     0.95     2 
2280641006   -5.77446    -56.00009     0.04     -1.02     1.02     3 
2280641007   -5.77444    -55.99033    -0.16     -1.08     1.09     3 
2280641008   -5.77442    -55.98058     0.22     -0.94     0.96     2 
2280641009   -5.77441    -55.97083     0.24     -0.93     0.96     2 
2280641010   -5.77439    -55.96107     0.26     -0.91     0.95     2 
2280641011   -5.77437    -55.95132     0.17     -0.89     0.90     2 
2280641012   -5.77435    -55.94157     0.17     -0.72     0.74     2 
2280641013   -5.77433    -55.93181     0.22     -0.81     0.84     2 
2280641025   -5.77410    -55.81478    -0.34     -0.97     1.03     3 
2280641026   -5.77408    -55.80503    -0.36     -1.03     1.10     3 
2280641027   -5.77406    -55.79527    -0.36     -0.88     0.95     2 
2280641081   -5.78314    -56.00007    -0.00     -1.06     1.06     3 
2280641084   -5.78309    -55.97081     0.26     -0.87     0.91     2 
2280641085   -5.78307    -55.96106     0.29     -0.86     0.91     2 
2280641086   -5.78305    -55.95130     0.18     -0.85     0.87     2 
2280641098   -5.78282    -55.83427     0.10     -0.89     0.89     2 
2280641101   -5.78276    -55.80501    -0.35     -0.99     1.04     3 
2280641102   -5.78274    -55.79525    -0.40     -0.97     1.04     3 
2280641103   -5.78272    -55.78550    -0.16     -1.15     1.17     3 
2280641160   -5.79176    -55.96104     0.16     -0.83     0.84     2 
2280641161   -5.79174    -55.95129     0.22     -0.83     0.86     2 
2280641173   -5.79151    -55.83425     0.13     -0.87     0.88     2 
2280641176   -5.79145    -55.80499    -0.26     -0.97     1.01     3 
2280641177   -5.79143    -55.79524    -0.40     -1.03     1.10     3 
2280641178   -5.79141    -55.78548    -0.39     -1.12     1.18     3 
2280641237   -5.80040    -55.94152     0.30     -0.81     0.87     2 
2280641238   -5.80038    -55.93176     0.25     -0.89     0.92     2 
2280641239   -5.80037    -55.92201     0.35     -0.83     0.90     2 
2280641244   -5.80027    -55.87324     0.24     -0.81     0.84     2 
2280641251   -5.80013    -55.80497    -0.14     -0.97     0.98     2 
2280641252   -5.80011    -55.79522    -0.32     -1.03     1.08     3 
2280641253   -5.80009    -55.78547    -0.44     -1.04     1.13     3 
2280641254   -5.80007    -55.77571    -0.41     -1.07     1.15     3 
2280641255   -5.80005    -55.76596    -0.35     -1.10     1.15     3 
2280641307   -5.80917    -55.99027     0.04     -1.05     1.05     3 
2280641313   -5.80907    -55.93175     0.08     -0.84     0.84     2 
2280641314   -5.80905    -55.92200     0.15     -0.84     0.85     2 
2280641317   -5.80899    -55.89273     0.17     -0.88     0.89     2 
2280641328   -5.80877    -55.78545    -0.38     -0.99     1.06     3 
2280641367   -5.81810    -56.13657     0.07     -0.90     0.90     2 
2280641392   -5.81767    -55.89272     0.06     -0.92     0.92     2 
2280641406   -5.81739    -55.75617     0.13     -0.95     0.96     2 
2280641407   -5.81737    -55.74641    -0.06     -1.06     1.06     3 
2280641442   -5.82678    -56.13656     0.10     -0.89     0.90     2 
2280641454   -5.82659    -56.01950    -0.19     -0.92     0.93     2 
2280641467   -5.82636    -55.89270     0.04     -0.90     0.90     2 
2280641514   -5.83551    -56.16581     0.06     -0.90     0.90     2 
2280641515   -5.83550    -56.15605     0.05     -0.92     0.92     2 
2280641516   -5.83548    -56.14630     0.01     -0.92     0.92     2 
2280641529   -5.83528    -56.01949    -0.40     -0.95     1.03     3 
2280641542   -5.83504    -55.89268    -0.00     -0.87     0.87     2 
2280641557   -5.83473    -55.74638     0.01     -1.12     1.12     3 
2280641589   -5.84420    -56.16580     0.03     -0.90     0.90     2 
2280641590   -5.84418    -56.15604    -0.04     -0.93     0.93     2 
2280641591   -5.84417    -56.14629    -0.02     -0.79     0.79     2 
2280641592   -5.84415    -56.13653    -0.38     -1.10     1.16     3 
2280641593   -5.84413    -56.12678    -0.36     -1.04     1.11     3 
2280641616   -5.84374    -55.90242     0.08     -0.88     0.88     2 
2280641631   -5.84344    -55.75611    -0.05     -0.87     0.87     2 
2280641632   -5.84342    -55.74636     0.09     -1.00     1.01     3 
2280641633   -5.84339    -55.73660     0.42     -0.95     1.04     3 
2280641664   -5.85288    -56.16578     0.08     -0.89     0.89     2 
2280641666   -5.85285    -56.14627    -0.01     -0.73     0.73     2 
2280641667   -5.85283    -56.13652    -0.36     -1.11     1.16     3 
2280641668   -5.85282    -56.12676    -0.34     -1.02     1.07     3 
2280641669   -5.85280    -56.11701    -0.10     -0.93     0.94     2 
2280641706   -5.85212    -55.75609     0.23     -0.92     0.95     2 
2280641707   -5.85210    -55.74634    -0.39     -1.04     1.11     3 
2280641708   -5.85208    -55.73658    -0.48     -1.03     1.14     3 
2280641709   -5.85205    -55.72683    -0.11     -1.00     1.01     3 
2280641737   -5.86159    -56.18528    -0.07     -0.88     0.89     2 
2280641738   -5.86158    -56.17553     0.07     -0.92     0.92     2 
2280641739   -5.86156    -56.16577     0.16     -0.86     0.88     2 
2280641742   -5.86152    -56.13650    -0.23     -1.04     1.07     3 
2280641743   -5.86150    -56.12675    -0.21     -1.05     1.07     3 
2280641744   -5.86149    -56.11699    -0.21     -1.03     1.05     3 
2280641764   -5.86115    -55.92189    -0.19     -0.74     0.77     2 
2280641782   -5.86078    -55.74632    -0.05     -1.07     1.07     3 
2280641783   -5.86076    -55.73656    -0.07     -0.85     0.85     2 
2280641812   -5.87027    -56.18527     0.07     -0.87     0.88     2 
2280641813   -5.87026    -56.17551     0.14     -0.89     0.90     2 
2280641839   -5.86983    -55.92188    -0.17     -0.80     0.82     2 
2280641840   -5.86981    -55.91212     0.07     -0.85     0.85     2 
2280641857   -5.86946    -55.74630    -0.09     -0.89     0.90     2 
2280641912   -5.87855    -55.94137     0.08     -0.85     0.85     2 
2280641932   -5.87814    -55.74628    -0.25     -0.81     0.85     2 
2280641933   -5.87812    -55.73653    -0.14     -0.70     0.71     2 
2280641967   -5.88757    -56.13646    -0.02     -0.96     0.96     2 
2280642007   -5.88683    -55.74626    -0.51     -0.96     1.09     3 
2280642008   -5.88680    -55.73651    -0.45     -0.97     1.07     3 
2280642042   -5.89625    -56.13645     0.17     -0.97     0.98     2 
2280642083   -5.89549    -55.73649    -0.58     -1.07     1.22     3 
2280642157   -5.90419    -55.74622    -0.42     -0.94     1.03     3 
2280642158   -5.90417    -55.73647    -0.47     -1.07     1.17     3 
2280642159   -5.90415    -55.72671    -0.34     -1.11     1.16     3 
2280642232   -5.91287    -55.74620    -0.45     -1.03     1.13     3 
2280642233   -5.91285    -55.73645    -0.44     -1.12     1.20     3 
2280642261   -5.92239    -56.19495     0.06     -0.86     0.86     2 
2280642306   -5.92158    -55.75594    -0.45     -1.04     1.13     3 
2280642374   -5.93041    -55.82420    -0.42     -1.01     1.09     3 
2280642524   -5.94778    -55.82417    -0.44     -0.66     0.80     2 
2280642598   -5.95648    -55.83391    -0.45     -1.06     1.15     3 
2280642599   -5.95646    -55.82415    -0.51     -1.06     1.17     3 
2280642600   -5.95644    -55.81439    -0.41     -0.74     0.85     2 
2280642652   -5.96556    -56.03877    -0.26     -0.90     0.94     2 
2280642653   -5.96554    -56.02902    -0.03     -0.83     0.83     2 
2280642728   -5.97422    -56.02900     0.29     -0.81     0.86     2 
2280642757   -5.97365    -55.74606     0.13     -0.93     0.94     2 
2280642794   -5.98306    -56.11680    -0.12     -0.96     0.96     2 
2280642823   -5.98253    -55.83385    -0.76     -0.93     1.20     3 
2280642898   -5.99121    -55.83383    -0.79     -0.70     1.05     3 
2280642942   -6.00045    -56.13629    -0.06     -0.93     0.93     2 
2280642943   -6.00044    -56.12653    -0.06     -1.02     1.02     3 
2280642971   -5.99993    -55.85333    -0.16     -0.89     0.90     2 
2280642972   -5.99991    -55.84357    -0.51     -1.01     1.13     3 
2280642973   -5.99989    -55.83381    -0.71     -0.81     1.07     3 
2280643012   -6.00921    -56.18506    -0.06     -1.09     1.09     3 
2280643046   -6.00862    -55.85331    -0.31     -0.90     0.95     2 
2280643047   -6.00860    -55.84355    -0.50     -1.02     1.14     3 
2280643048   -6.00858    -55.83380    -0.48     -1.02     1.12     3 
2280643119   -6.01734    -55.87280    -0.07     -0.87     0.88     2 
2280643120   -6.01732    -55.86305    -0.12     -0.93     0.93     2 
2280643121   -6.01730    -55.85329    -0.19     -0.84     0.86     2 
2280643122   -6.01728    -55.84353    -0.42     -1.03     1.11     3 
2280643123   -6.01726    -55.83378    -0.38     -1.04     1.11     3 
2280643196   -6.02598    -55.85327    -0.26     -0.98     1.01     3 
2280643197   -6.02596    -55.84351    -0.52     -1.02     1.14     3 
2280643198   -6.02594    -55.83376    -0.44     -1.01     1.10     3 
2280643270   -6.03468    -55.86301    -0.05     -1.00     1.00     3 
2280643271   -6.03467    -55.85325    -0.42     -1.11     1.19     3 
2280643272   -6.03464    -55.84350    -0.50     -1.10     1.21     3 
2280643273   -6.03462    -55.83374    -0.51     -1.10     1.22     3 
2280643346   -6.04335    -55.85324    -0.40     -1.12     1.19     3 
2280643417   -6.05211    -55.89225    -0.07     -0.94     0.94     2 
2280643418   -6.05209    -55.88249    -0.04     -0.91     0.91     2 
2280643421   -6.05203    -55.85322    -0.34     -1.08     1.13     3 
2280643494   -6.06075    -55.87271     0.09     -0.93     0.93     2 
2280643495   -6.06073    -55.86296     0.07     -0.89     0.90     2 
2280643496   -6.06071    -55.85320    -0.08     -0.89     0.90     2 
2280643497   -6.06069    -55.84344    -0.40     -1.01     1.09     3 
2280643498   -6.06067    -55.83368    -0.08     -1.00     1.00     3 
2280643569   -6.06944    -55.87270    -0.04     -0.93     0.93     2 
2280643572   -6.06937    -55.84342    -0.31     -1.00     1.04     3 
2280643573   -6.06935    -55.83367    -0.32     -1.01     1.06     3 
2280643608   -6.07874    -56.22400     0.04     -1.02     1.02     3 
2280643648   -6.07804    -55.83365    -0.64     -0.98     1.18     3 
2280644247   -6.14752    -55.84325    -0.20     -0.87     0.89     2 
2280644248   -6.14750    -55.83350    -0.34     -0.96     1.01     3 
2280644324   -6.15616    -55.82372    -0.32     -1.17     1.22     3 
2280644378   -6.16525    -56.02866    -0.01     -0.95     0.95     2 
2280644399   -6.16484    -55.82370    -0.46     -1.03     1.13     3 
2280644400   -6.16482    -55.81394    -0.35     -0.91     0.98     2 
2280644454   -6.17392    -56.01888    -0.90      0.03     0.90     2 
2280644473   -6.17354    -55.83344    -0.59     -1.03     1.18     3 
2280644474   -6.17352    -55.82368    -0.37     -0.99     1.06     3 
2280644529   -6.18260    -56.01887    -0.66     -0.66     0.93     2 
2280644533   -6.18253    -55.97982    -0.13     -0.73     0.74     2 
2280644534   -6.18251    -55.97006    -0.13     -1.05     1.06     3 
2280644535   -6.18249    -55.96030    -0.10     -0.94     0.94     2 
2280644538   -6.18243    -55.93102     0.06     -0.74     0.74     2 
2280644608   -6.19121    -55.97981    -0.02     -0.97     0.97     2 
2280644613   -6.19112    -55.93100    -0.07     -0.95     0.95     2 
2280644681   -6.19993    -55.99931    -0.36     -1.08     1.14     3 
----------------------------------------------------------------------
---------------------------------------------------
Total correlated GCPs in Upper Left Quadrant: 179

GCP statistics this quadrant only (in Pixels)
Line residual statistics:
  Mean: 0.119
  Median: 0.155
  Standard Deviation: 0.175

Sample residual statistics:
  Mean: -0.913
  Median: -0.921
  Standard Deviation: 0.073

Quadrant RMSE: 0.941

---------------------------------------------------
Total correlated GCPs in Upper Right Quadrant: 72

GCP statistics this quadrant only (in Pixels)
Line residual statistics:
  Mean: -0.257
  Median: -0.350
  Standard Deviation: 0.246

Sample residual statistics:
  Mean: -0.940
  Median: -0.945
  Standard Deviation: 0.111

Quadrant RMSE: 1.011

---------------------------------------------------
Total correlated GCPs in Lower Left Quadrant: 12

GCP statistics this quadrant only (in Pixels)
Line residual statistics:
  Mean: -0.172
  Median: -0.059
  Standard Deviation: 0.309

Sample residual statistics:
  Mean: -0.848
  Median: -0.955
  Standard Deviation: 0.294

Quadrant RMSE: 0.965

---------------------------------------------------
Total correlated GCPs in Lower Right Quadrant: 42

GCP statistics this quadrant only (in Pixels)
Line residual statistics:
  Mean: -0.285
  Median: -0.322
  Standard Deviation: 0.204

Sample residual statistics:
  Mean: -0.976
  Median: -0.994
  Standard Deviation: 0.088

Quadrant RMSE: 1.041

---------------------------------------------------
---------------------------------------------------
Total correlated GCPs in scene: 305

GCP statistics entire scene (in Pixels)
Line residual statistics:
  Mean: -0.037
  Median: 0.041
  Standard Deviation: 0.277

Sample residual statistics:
  Mean: -0.926
  Median: -0.931
  Standard Deviation: 0.106

Scene RMSE: 0.973

