Quality Assurance of Geometric Corrections for the AST_L1T Product

This file contains two sections:
   * A section listing the GLS 2000 Ground Control Points (GCPs)
     that were used in correcting the geometric location of the pixels
     in order to create this AST_L1T product
   * A section that does an independent geometric verification of the corrected
     pixels by comparing the AST_L1T data to a GLS 2000 Standard Scene.

Section One:

'Precision' correction was not achieved.

Section Two:

==============================================================================
==============================================================================
Mon. Apr. 20 2015                  TERRA_ASTER                       Time: 11:58
                                 ASTER L1T PGE
                            GEOMETRIC VERIFY Report
==============================================================================
WRS-2: Path/Row 228/64
Reference Image: GLS 2000 (p228r064_7dt20001006_z21_50.tif)

Pixel dimensions: 30 x 30 meters
Pointing angle:  -5.738 degrees

Color mapping per rank
----------------------
Rank  1 is Green: total residual <= 0.5
Rank  2 is Cyan: 0.5 < total residual <=  1
Rank  3 is Blue:  1 < total residual <=  2
Rank  4 is Yellow:  2 < total residual <=  3
Rank  5 is Red:  3 < total residual

Percentage of residuals by rank
-------------------------------
Rank   1 -- 13.8%
Rank   2 -- 30.2%
Rank   3 --  2.6%
Rank   4 --  0.0%
Rank   5 -- 53.4%

       GCP    Latitude    Longitude  Sample   Line     Total    Rank
        ID                           Residual Residual Residual
              (Degree)    (Degree)   (Pixel)  (Pixel)  (Pixel)
----------------------------------------------------------------------
2280640326   -5.68834    -56.10182    -0.63     -0.26     0.68     2 
2280640395   -5.69711    -56.16032   -12.62     -8.21    15.06     5 
2280640495   -5.70538    -55.91650    17.46      3.68    17.84     5 
2280640508   -5.70513    -55.78973     7.90      3.33     8.57     5 
2280640661   -5.72243    -55.76044   -14.09     -2.20    14.26     5 
2280640695   -5.73184    -56.16027    10.06      6.41    11.93     5 
2280640734   -5.73116    -55.77992    -2.55    -12.28    12.54     5 
2280640770   -5.74053    -56.16026    10.18      6.25    11.95     5 
2280640771   -5.74051    -56.15051   -16.64     -0.26    16.64     5 
2280640772   -5.74050    -56.14075   -12.96      1.65    13.06     5 
2280640807   -5.73988    -55.79941    -0.36     13.03    13.03     5 
2280640817   -5.73967    -55.70189    19.31      2.02    19.41     5 
2280640847   -5.74918    -56.14074   -12.99      1.90    13.13     5 
2280640868   -5.74883    -55.93592    -2.22    -13.27    13.45     5 
2280640869   -5.74882    -55.92617    -2.09    -14.51    14.66     5 
2280640887   -5.74846    -55.75063   -16.47      6.03    17.54     5 
2280640943   -5.75752    -55.93591    -4.29    -16.26    16.82     5 
2280641007   -5.76639    -56.04318    19.67      3.40    19.96     5 
2280641257   -5.79198    -55.79930    -0.16     -0.04     0.16     1 
2280641258   -5.79196    -55.78955    -0.41      0.03     0.41     1 
2280641259   -5.79194    -55.77979    -0.81      0.03     0.81     2 
2280641260   -5.79192    -55.77004    -0.76     -0.07     0.77     2 
2280641261   -5.79189    -55.76029    -0.48      0.40     0.62     2 
2280641332   -5.80066    -55.79928    -0.28     -0.02     0.28     1 
2280641333   -5.80064    -55.78953    -0.73     -0.00     0.73     2 
2280641334   -5.80062    -55.77977    -0.81     -0.12     0.82     2 
2280641335   -5.80060    -55.77002    -0.79     -0.17     0.81     2 
2280641336   -5.80058    -55.76027    -0.63     -0.04     0.63     2 
2280641337   -5.80056    -55.75052    -0.38     -0.10     0.39     1 
2280641408   -5.80932    -55.78951    -1.05      0.17     1.07     3 
2280641411   -5.80926    -55.76025    -0.43     -0.07     0.43     1 
2280641412   -5.80924    -55.75050    -0.33     -0.04     0.33     1 
2280641413   -5.80922    -55.74074    -0.17     -0.61     0.63     2 
2280641486   -5.81794    -55.76023    -0.39     -0.07     0.39     1 
2280641487   -5.81792    -55.75048    -1.03     -0.06     1.03     3 
2280641566   -5.82651    -55.71144    -0.31     -0.42     0.52     2 
2280641638   -5.83526    -55.74068    -0.42     -0.70     0.81     2 
2280641640   -5.83522    -55.72118    -0.29      0.05     0.30     1 
2280641641   -5.83520    -55.71142    -0.67      0.06     0.67     2 
2280641672   -5.84470    -56.14059    -0.66     -0.41     0.78     2 
2280641689   -5.84442    -55.97476   -13.07     13.07    18.48     5 
2280641747   -5.85338    -56.14058    -0.61     -0.36     0.71     2 
2280641748   -5.85337    -56.13083    -0.68     -0.46     0.82     2 
2280641823   -5.86205    -56.13081    -0.69     -0.43     0.81     2 
2280641919   -5.87038    -55.92594     0.75    -19.24    19.25     5 
2280641994   -5.87906    -55.92593    -8.30    -13.23    15.62     5 
2280642061   -5.88789    -56.00395     5.93     -6.85     9.06     5 
2280642088   -5.88736    -55.74057    -0.24     -0.10     0.26     1 
2280642129   -5.89669    -56.07222    16.96     -4.00    17.42     5 
2280642199   -5.90545    -56.12099     0.38     10.27    10.27     5 
2280642201   -5.90542    -56.10148    -3.89     13.62    14.16     5 
2280642202   -5.90541    -56.09172    -4.11     -4.52     6.11     5 
2280642203   -5.90539    -56.08197    -3.64    -12.65    13.16     5 
2280642345   -5.92288    -56.15999    18.37     -2.19    18.50     5 
2280642363   -5.92259    -55.98438    -2.35     -5.72     6.19     5 
2280642369   -5.92248    -55.92584     3.77     13.73    14.24     5 
2280643052   -6.00046    -55.84763    -0.79     -0.60     0.99     2 
2280643053   -6.00044    -55.83788    -0.45     -0.43     0.62     2 
2280643114   -6.00940    -55.97446    -2.10     -2.96     3.62     5 
2280643127   -6.00915    -55.84762    -0.79     -0.31     0.85     2 
2280643164   -6.01849    -56.21839    13.66     14.03    19.59     5 
2280643191   -6.01805    -55.95493    -1.84    -10.85    11.00     5 
2280643202   -6.01783    -55.84760    -0.09      0.20     0.22     1 
2280643249   -6.02702    -56.12080     7.31     -5.94     9.41     5 
2280643253   -6.02696    -56.08176     6.80     -6.94     9.71     5 
2280643337   -6.03549    -55.99393     9.09      7.14    11.55     5 
2280643385   -6.04459    -56.25739    -7.35     -5.25     9.03     5 
2280643489   -6.05281    -55.97438     7.77     10.03    12.69     5 
2280643577   -6.06124    -55.84751    -0.57     -0.17     0.59     2 
2280643653   -6.06991    -55.83773    -0.40     -0.30     0.50     1 
2280643704   -6.07904    -56.07192    -1.54     17.26    17.32     5 
2280643801   -6.08731    -55.85721    -0.72     -0.24     0.76     2 
2280643834   -6.09671    -56.26708    -6.48      2.33     6.89     5 
2280643835   -6.09670    -56.25732    -7.59     -0.01     7.59     5 
2280643910   -6.10538    -56.25731   -11.34     -1.34    11.42     5 
2280644008   -6.11371    -56.03282   -15.63      3.87    16.10     5 
2280644079   -6.12246    -56.07184     2.23     -2.61     3.44     5 
2280644177   -6.13070    -55.84736    -0.29      0.04     0.30     1 
2280644208   -6.14014    -56.27678    -3.92    -18.25    18.66     5 
2280644212   -6.14009    -56.23774    -9.50     -9.37    13.35     5 
2280644252   -6.13939    -55.84734     0.39      0.21     0.44     1 
2280644253   -6.13937    -55.83758     0.73      0.18     0.75     2 
2280644287   -6.14877    -56.23772     0.83      9.72     9.76     5 
2280644288   -6.14876    -56.22796     3.16     18.66    18.93     5 
2280644327   -6.14807    -55.84732     0.62      0.22     0.66     2 
2280644328   -6.14805    -55.83756    -0.40     -0.28     0.49     1 
2280644384   -6.15710    -56.02298   -10.55      4.22    11.36     5 
2280644402   -6.15675    -55.84730    -0.07      0.02     0.08     1 
2280644403   -6.15673    -55.83754    -0.57     -0.34     0.67     2 
2280644404   -6.15671    -55.82778    -0.53     -0.25     0.58     2 
2280644405   -6.15669    -55.81802    -0.57     -0.02     0.57     2 
2280644450   -6.16594    -56.11081   -18.43     -1.73    18.51     5 
2280644479   -6.16539    -55.82776    -0.17      0.14     0.22     1 
2280644480   -6.16537    -55.81800    -0.61     -0.24     0.66     2 
2280644504   -6.17493    -56.31578     7.92      8.20    11.40     5 
2280644554   -6.17408    -55.82775    -0.51      0.12     0.53     2 
2280644555   -6.17405    -55.81799    -0.66     -0.24     0.70     2 
2280644585   -6.18353    -56.25720     1.57      4.43     4.69     5 
2280644615   -6.18304    -55.96437    -0.63     -0.09     0.64     2 
2280644679   -6.19192    -56.07172   -17.01     -4.22    17.53     5 
2280644687   -6.19178    -55.99363    -1.04     -0.11     1.05     3 
2280644691   -6.19171    -55.95459    -0.85     -0.08     0.85     2 
2280644766   -6.20039    -55.95457    -0.85      0.12     0.85     2 
2280644768   -6.20035    -55.93505     2.86      2.41     3.74     5 
2280644838   -6.20913    -55.98384    -0.93     -0.20     0.95     2 
2280644841   -6.20907    -55.95456    -0.78      0.20     0.80     2 
2280644913   -6.21781    -55.98382    -0.75     -0.09     0.75     2 
2280645153   -6.24356    -55.83735    -6.76    -13.73    15.31     5 
2280645231   -6.25217    -55.80805    11.83    -12.12    16.93     5 
2280645294   -6.26111    -55.92517    -0.29      9.65     9.66     5 
2280645295   -6.26109    -55.91541    -2.31      9.52     9.79     5 
2280645300   -6.26099    -55.86660    18.35      4.74    18.95     5 
2280645301   -6.26097    -55.85684   -14.38     -7.66    16.29     5 
2280645370   -6.26977    -55.91539    -0.98      7.76     7.83     5 
2280645371   -6.26975    -55.90563   -12.95      7.70    15.06     5 
2280645377   -6.26963    -55.84706    -3.50     14.24    14.66     5 
----------------------------------------------------------------------
---------------------------------------------------
Total correlated GCPs in Upper Left Quadrant: 23

GCP statistics this quadrant only (in Pixels)
Line residual statistics:
  Mean: -0.456
  Median: -0.685
  Standard Deviation: 9.928

Sample residual statistics:
  Mean: -0.838
  Median: -0.408
  Standard Deviation: 7.614

Quadrant RMSE: 12.548

---------------------------------------------------
Total correlated GCPs in Upper Right Quadrant: 32

GCP statistics this quadrant only (in Pixels)
Line residual statistics:
  Mean: -0.442
  Median: -0.425
  Standard Deviation: 6.233

Sample residual statistics:
  Mean: -0.777
  Median: -0.052
  Standard Deviation: 6.387

Quadrant RMSE: 8.969

---------------------------------------------------
Total correlated GCPs in Lower Left Quadrant: 19

GCP statistics this quadrant only (in Pixels)
Line residual statistics:
  Mean: -3.405
  Median: -3.915
  Standard Deviation: 9.008

Sample residual statistics:
  Mean: 1.368
  Median: -0.009
  Standard Deviation: 9.096

Quadrant RMSE: 13.317

---------------------------------------------------
Total correlated GCPs in Lower Right Quadrant: 40

GCP statistics this quadrant only (in Pixels)
Line residual statistics:
  Mean: -0.414
  Median: -0.593
  Standard Deviation: 4.989

Sample residual statistics:
  Mean: 0.404
  Median: -0.086
  Standard Deviation: 5.363

Quadrant RMSE: 7.347

---------------------------------------------------
---------------------------------------------------
Total correlated GCPs in scene: 116

GCP statistics entire scene (in Pixels)
Line residual statistics:
  Mean: -0.776
  Median: -0.631
  Standard Deviation: 7.393

Sample residual statistics:
  Mean: 0.082
  Median: -0.071
  Standard Deviation: 6.896

Scene RMSE: 10.140

