Quality Assurance of Geometric Corrections for the AST_L1T Product

This file contains two sections:
   * A section listing the GLS 2000 Ground Control Points (GCPs)
     that were used in correcting the geometric location of the pixels
     in order to create this AST_L1T product
   * A section that does an independent geometric verification of the corrected
     pixels by comparing the AST_L1T data to a GLS 2000 Standard Scene.

Section One:

'Precision' correction was not achieved.

Section Two:

==============================================================================
==============================================================================
Sun. Apr. 12 2015                  TERRA_ASTER                       Time: 01:55
                                 ASTER L1T PGE
                            GEOMETRIC VERIFY Report
==============================================================================
WRS-2: Path/Row 228/64
Reference Image: GLS 2000 (p228r064_7dt20001006_z21_50.tif)

Pixel dimensions: 30 x 30 meters
Pointing angle:  -2.823 degrees

Color mapping per rank
----------------------
Rank  1 is Green: total residual <= 0.5
Rank  2 is Cyan: 0.5 < total residual <=  1
Rank  3 is Blue:  1 < total residual <=  2
Rank  4 is Yellow:  2 < total residual <=  3
Rank  5 is Red:  3 < total residual

Percentage of residuals by rank
-------------------------------
Rank   1 --  0.0%
Rank   2 --  2.6%
Rank   3 -- 22.8%
Rank   4 --  7.9%
Rank   5 -- 66.7%

       GCP    Latitude    Longitude  Sample   Line     Total    Rank
        ID                           Residual Residual Residual
              (Degree)    (Degree)   (Pixel)  (Pixel)  (Pixel)
----------------------------------------------------------------------
2280640392   -5.63571    -56.61225   -10.70     15.32    18.68     5 
2280640473   -5.64436    -56.55373    -0.64    -17.16    17.17     5 
2280640478   -5.64432    -56.50497    -0.99      8.88     8.94     5 
2280640915   -5.69652    -56.63172    -8.77      5.97    10.61     5 
2280640991   -5.70519    -56.62196    -2.28     16.62    16.78     5 
2280641066   -5.71388    -56.62195    -2.73     16.82    17.04     5 
2280641139   -5.72258    -56.64145    -9.53     11.50    14.93     5 
2280641215   -5.73125    -56.63169   -10.51     10.53    14.88     5 
2280641290   -5.73994    -56.63169    -9.23     16.11    18.57     5 
2280641301   -5.73986    -56.52439    13.50    -11.56    17.77     5 
2280641302   -5.73985    -56.51464    10.59    -10.34    14.80     5 
2280641390   -5.74841    -56.38783    -1.38     -0.74     1.57     3 
2280641462   -5.75713    -56.41709    -0.73     -0.65     0.98     2 
2280641466   -5.75709    -56.37807    -1.48     -0.80     1.68     3 
2280641514   -5.76600    -56.64143     9.53    -10.94    14.52     5 
2280641515   -5.76599    -56.63167     9.07    -11.41    14.58     5 
2280641522   -5.76594    -56.56339    17.93     -0.64    17.94     5 
2280641537   -5.76581    -56.41708    -0.39     -0.87     0.95     2 
2280641541   -5.76577    -56.37806    -1.60     -0.75     1.76     3 
2280641542   -5.76576    -56.36830    -1.41     -0.64     1.54     3 
2280641617   -5.77444    -56.36830    -1.38     -0.57     1.50     3 
2280641665   -5.78336    -56.63166    -7.67     13.34    15.38     5 
2280641672   -5.78331    -56.56338   -12.27    -14.29    18.83     5 
2280641742   -5.79203    -56.61214     5.92     -8.48    10.34     5 
2280641747   -5.79200    -56.56337   -12.77    -12.78    18.07     5 
2280641816   -5.80072    -56.62189     3.82     -5.50     6.70     5 
2280641817   -5.80072    -56.61214     5.91     -8.38    10.25     5 
2280641821   -5.80069    -56.57312    18.18     -5.84    19.09     5 
2280642080   -5.82639    -56.24142     3.22     10.31    10.80     5 
2280642110   -5.83550    -56.68041     2.06      0.69     2.17     4 
2280642720   -5.90491    -56.58280    -1.36     -0.82     1.59     3 
2280642735   -5.90478    -56.43644    15.55      3.76    15.99     5 
2280642795   -5.91359    -56.58279    -1.30     -1.09     1.70     3 
2280642796   -5.91358    -56.57303    -1.47     -1.15     1.86     3 
2280642797   -5.91357    -56.56328    -1.53     -0.99     1.82     3 
2280642798   -5.91357    -56.55352    -1.59     -0.78     1.77     3 
2280642869   -5.92228    -56.59254    -1.11      2.29     2.54     4 
2280642870   -5.92227    -56.58278    -1.41      1.88     2.35     4 
2280642872   -5.92226    -56.56327    -1.46     -0.90     1.72     3 
2280642873   -5.92225    -56.55351    -1.50     -1.13     1.88     3 
2280642944   -5.93097    -56.59253    -2.63      1.71     3.14     5 
2280642945   -5.93096    -56.58278    -3.17      1.76     3.62     5 
2280642946   -5.93095    -56.57302    -1.58     -0.82     1.78     3 
2280642947   -5.93094    -56.56326    -1.47     -0.87     1.70     3 
2280642948   -5.93094    -56.55351    -1.56     -1.05     1.88     3 
2280642949   -5.93093    -56.54375    -1.67     -0.93     1.92     3 
2280642950   -5.93092    -56.53399    -1.40     -0.51     1.49     3 
2280642956   -5.93087    -56.47545    -1.37     -3.24     3.52     5 
2280642993   -5.93041    -56.11445     1.55    -10.42    10.53     5 
2280643019   -5.93965    -56.59253    -6.82     -0.51     6.84     5 
2280643020   -5.93964    -56.58277    -2.40     -1.31     2.74     4 
2280643021   -5.93964    -56.57301    -1.57     -0.98     1.85     3 
2280643022   -5.93963    -56.56326    -1.55     -1.04     1.87     3 
2280643023   -5.93962    -56.55350    -1.66     -1.15     2.02     4 
2280643024   -5.93961    -56.54374    -1.74     -0.98     2.00     3 
2280643031   -5.93955    -56.47544    -1.92     -4.37     4.77     5 
2280643054   -5.93929    -56.25103     4.83    -12.42    13.32     5 
2280643096   -5.94832    -56.57301    -6.24    -10.03    11.81     5 
2280643097   -5.94831    -56.56325    -1.84     -0.88     2.04     4 
2280643098   -5.94830    -56.55349    -1.83     -1.08     2.12     4 
2280643099   -5.94830    -56.54373    -1.77     -1.02     2.04     4 
2280643127   -5.94800    -56.27053    14.17      3.67    14.63     5 
2280643164   -5.95705    -56.64130    -8.95      6.12    10.85     5 
2280643172   -5.95700    -56.56324   -14.43      4.46    15.11     5 
2280643193   -5.95680    -56.35833     0.49    -16.15    16.16     5 
2280643195   -5.95677    -56.33882    18.61     -4.26    19.09     5 
2280643201   -5.95670    -56.28027    -7.30     16.44    17.99     5 
2280643206   -5.95663    -56.23149     3.93     -8.97     9.79     5 
2280643212   -5.95655    -56.17295    15.84      3.72    16.27     5 
2280643213   -5.95653    -56.16319    18.08      0.66    18.09     5 
2280643242   -5.96572    -56.61203   -10.07      6.44    11.96     5 
2280643268   -5.96548    -56.35832    -1.37    -16.26    16.32     5 
2280643270   -5.96546    -56.33881    15.49     -5.85    16.56     5 
2280643287   -5.96523    -56.17293    15.43      4.66    16.12     5 
2280643289   -5.96520    -56.15342    -5.07      8.56     9.95     5 
2280643322   -5.97436    -56.56323    -1.36     -1.03     1.71     3 
2280643340   -5.97420    -56.38759     2.54      3.87     4.63     5 
2280643343   -5.97416    -56.35831    -8.39    -12.79    15.29     5 
2280643544   -6.00044    -56.59248    -1.24     -0.99     1.58     3 
2280643618   -6.00913    -56.60224    -1.32     -1.10     1.71     3 
2280643619   -6.00912    -56.59248    -1.34     -1.09     1.72     3 
2280643637   -6.00896    -56.41682    13.18     -1.13    13.23     5 
2280643638   -6.00896    -56.40706    11.29     -0.60    11.30     5 
2280643651   -6.00880    -56.28021     9.48    -14.64    17.44     5 
2280643693   -6.01782    -56.60223    -1.80     -1.20     2.16     4 
2280643694   -6.01781    -56.59247    -1.41     -1.11     1.79     3 
2280643712   -6.01765    -56.41681     0.35      3.94     3.96     5 
2280643758   -6.02656    -56.69981     1.00     -0.37     1.07     3 
2280643833   -6.03525    -56.69981     0.05      0.63     0.63     2 
2280644008   -6.05243    -56.45581    -3.66    -14.51    14.96     5 
2280644083   -6.06111    -56.45580    -5.07    -15.47    16.28     5 
2280644112   -6.06075    -56.17279   -15.18     10.74    18.59     5 
2280644163   -6.06974    -56.40700     7.90    -15.47    17.37     5 
2280644332   -6.08688    -56.22154     4.14     10.29    11.09     5 
2280644443   -6.10466    -56.60216    -7.76    -16.44    18.18     5 
2280644518   -6.11334    -56.60216    -9.12    -16.85    19.16     5 
2280644535   -6.11319    -56.43623    -4.69      9.18    10.31     5 
2280644536   -6.11318    -56.42647    -5.55     11.67    12.92     5 
2280644557   -6.11293    -56.22151   -12.24     -3.94    12.86     5 
2280644558   -6.11291    -56.21175   -12.15     -3.83    12.74     5 
2280644561   -6.11287    -56.18247   -10.65    -14.93    18.34     5 
2280644606   -6.12192    -56.47526     8.01     -4.24     9.06     5 
2280644611   -6.12187    -56.42646    -5.84      5.65     8.12     5 
2280644667   -6.13072    -56.61191   -17.18      5.29    17.97     5 
2280644691   -6.13050    -56.37765   -18.36     -6.32    19.42     5 
2280644860   -6.14762    -56.19218   -17.79      0.49    17.80     5 
2280644861   -6.14760    -56.18241    -1.05    -19.95    19.98     5 
2280644896   -6.15674    -56.57284    15.90      8.40    17.98     5 
2280644919   -6.15651    -56.34834     1.66     19.83    19.90     5 
2280644977   -6.16538    -56.51427    -9.34     -4.51    10.37     5 
2280644978   -6.16537    -56.50451   -11.86     -5.98    13.28     5 
2280644986   -6.16529    -56.42641    -1.60    -11.72    11.83     5 
2280645058   -6.17400    -56.45569    14.65      1.01    14.68     5 
2280645145   -6.18255    -56.33854     2.63    -13.60    13.85     5 
----------------------------------------------------------------------
---------------------------------------------------
Total correlated GCPs in Upper Left Quadrant: 27

GCP statistics this quadrant only (in Pixels)
Line residual statistics:
  Mean: 0.605
  Median: -0.988
  Standard Deviation: 9.244

Sample residual statistics:
  Mean: -0.085
  Median: -0.749
  Standard Deviation: 10.479

Quadrant RMSE: 13.987

---------------------------------------------------
Total correlated GCPs in Upper Right Quadrant: 3

GCP statistics this quadrant only (in Pixels)
Line residual statistics:
  Mean: 0.143
  Median: -1.382
  Standard Deviation: 2.174

Sample residual statistics:
  Mean: 3.032
  Median: -0.575
  Standard Deviation: 5.144

Quadrant RMSE: 6.356

---------------------------------------------------
Total correlated GCPs in Lower Left Quadrant: 48

GCP statistics this quadrant only (in Pixels)
Line residual statistics:
  Mean: -2.872
  Median: -1.585
  Standard Deviation: 4.987

Sample residual statistics:
  Mean: -1.741
  Median: -1.004
  Standard Deviation: 5.209

Quadrant RMSE: 7.955

---------------------------------------------------
Total correlated GCPs in Lower Right Quadrant: 34

GCP statistics this quadrant only (in Pixels)
Line residual statistics:
  Mean: 1.396
  Median: 1.077
  Standard Deviation: 10.591

Sample residual statistics:
  Mean: -2.013
  Median: -0.864
  Standard Deviation: 10.287

Quadrant RMSE: 14.966

---------------------------------------------------
---------------------------------------------------
Total correlated GCPs in scene: 114

GCP statistics entire scene (in Pixels)
Line residual statistics:
  Mean: -0.614
  Median: -1.465
  Standard Deviation: 8.253

Sample residual statistics:
  Mean: -1.359
  Median: -0.957
  Standard Deviation: 8.457

Scene RMSE: 11.910

