Quality Assurance of Geometric Corrections for the AST_L1T Product

This file contains two sections:
   * A section listing the GLS 2000 Ground Control Points (GCPs)
     that were used in correcting the geometric location of the pixels
     in order to create this AST_L1T product
   * A section that does an independent geometric verification of the corrected
     pixels by comparing the AST_L1T data to a GLS 2000 Standard Scene.

Section One:

'Precision' correction was not achieved.

Section Two:

==============================================================================
==============================================================================
 May. 9 2015                  TERRA_ASTER                       Time: 16:34
                                 ASTER L1T PGE
                            GEOMETRIC VERIFY Report
==============================================================================
WRS-2: Path/Row 228/64
Reference Image: GLS 2000 (p228r064_7dt20001006_z21_50.tif)

Pixel dimensions: 30 x 30 meters
Pointing angle:  -2.832 degrees

Color mapping per rank
----------------------
Rank  1 is Green: total residual <= 0.5
Rank  2 is Cyan: 0.5 < total residual <=  1
Rank  3 is Blue:  1 < total residual <=  2
Rank  4 is Yellow:  2 < total residual <=  3
Rank  5 is Red:  3 < total residual

Percentage of residuals by rank
-------------------------------
Rank   1 --  0.0%
Rank   2 --  1.7%
Rank   3 --  4.2%
Rank   4 --  3.4%
Rank   5 -- 90.7%

       GCP    Latitude    Longitude  Sample   Line     Total    Rank
        ID                           Residual Residual Residual
              (Degree)    (Degree)   (Pixel)  (Pixel)  (Pixel)
----------------------------------------------------------------------
2280640648   -5.68327    -56.16359    -8.12    -17.41    19.21     5 
2280640689   -5.69234    -56.49517    -3.38    -13.15    13.58     5 
2280640840   -5.70970    -56.48541     0.92     13.67    13.70     5 
2280640842   -5.70968    -56.46590   -11.46      2.76    11.79     5 
2280640928   -5.71826    -56.35860     3.85      8.51     9.34     5 
2280640932   -5.71821    -56.31959   -11.06      5.52    12.36     5 
2280641002   -5.72695    -56.36835    -0.10      2.67     2.67     4 
2280641077   -5.73564    -56.36834     0.55      3.35     3.40     5 
2280641118   -5.73506    -55.96846   -11.93     -1.51    12.02     5 
2280641143   -5.74441    -56.45611   -12.79     14.15    19.07     5 
2280641410   -5.76992    -56.04642    -5.03     16.52    17.27     5 
2280641411   -5.76991    -56.03667    -0.80     15.47    15.49     5 
2280641485   -5.77861    -56.04641    -5.64     16.27    17.22     5 
2280641536   -5.78764    -56.28049    -1.22      0.65     1.39     3 
2280641538   -5.78761    -56.26098    15.57     -1.60    15.65     5 
2280641548   -5.78748    -56.16344     2.40      6.89     7.29     5 
2280641613   -5.79629    -56.26097    16.23     -1.37    16.29     5 
2280641614   -5.79628    -56.25122    14.42     -4.59    15.13     5 
2280641698   -5.80484    -56.16342    -2.02    -19.64    19.74     5 
2280641699   -5.80483    -56.15366     4.11     -7.49     8.54     5 
2280641705   -5.80474    -56.09514    11.48     14.24    18.29     5 
2280641774   -5.81351    -56.15365     4.96     -7.23     8.77     5 
2280641849   -5.82220    -56.15364     6.64     -5.40     8.56     5 
2280641969   -5.83993    -56.44627   -12.49      3.87    13.08     5 
2280642004   -5.83949    -56.10484    11.40     13.70    17.82     5 
2280642090   -5.84799    -55.99752   -16.09      6.00    17.18     5 
2280642092   -5.84795    -55.97801   -15.27     -9.96    18.23     5 
2280642093   -5.84794    -55.96825   -11.17    -10.77    15.52     5 
2280642159   -5.85677    -56.05603     7.60      3.87     8.53     5 
2280642160   -5.85676    -56.04628     8.94      1.38     9.04     5 
2280642167   -5.85664    -55.97799   -14.50     -9.35    17.26     5 
2280642168   -5.85662    -55.96824   -12.04    -11.04    16.33     5 
2280642230   -5.86552    -56.09504    18.18     -2.45    18.34     5 
2280642235   -5.86544    -56.04626     0.87      2.42     2.57     4 
2280642243   -5.86530    -55.96822   -17.98     -5.73    18.87     5 
2280642264   -5.87471    -56.49501     8.21    -16.34    18.29     5 
2280642346   -5.88333    -56.42671   -14.92     -6.90    16.44     5 
2280642379   -5.88291    -56.10477    12.76    -14.25    19.13     5 
2280642387   -5.88277    -56.02672    12.15     14.01    18.54     5 
2280642585   -5.90922    -56.29009   -10.56      5.01    11.69     5 
2280642646   -5.91807    -56.42668     2.39     15.39    15.57     5 
2280642660   -5.91791    -56.29008    11.56      5.21    12.68     5 
2280642691   -5.91744    -55.98764   -13.51      9.72    16.64     5 
2280642721   -5.92675    -56.42667    -0.89     15.04    15.07     5 
2280642810   -5.93527    -56.29006    16.78      2.36    16.95     5 
2280642833   -5.93494    -56.06566   -10.99     -9.36    14.43     5 
2280642839   -5.93484    -56.00712    18.90      4.38    19.40     5 
2280642875   -5.94407    -56.38762     9.22    -16.40    18.82     5 
2280642885   -5.94396    -56.29005    15.78     -0.20    15.78     5 
2280642953   -5.95273    -56.35834    -1.54      1.36     2.05     4 
2280642973   -5.95246    -56.16320    -5.26     16.58    17.39     5 
2280643048   -5.96115    -56.16318    -7.10     16.60    18.05     5 
2280643051   -5.96110    -56.13391    10.28    -11.31    15.29     5 
2280643064   -5.96089    -56.00707    18.78     -5.50    19.57     5 
2280643120   -5.96988    -56.19244    -0.62    -18.89    18.90     5 
2280643126   -5.96979    -56.13390     9.56    -12.16    15.47     5 
2280643127   -5.96977    -56.12414     8.74    -10.82    13.91     5 
2280643194   -5.97857    -56.20219     1.97    -12.48    12.63     5 
2280643195   -5.97856    -56.19243   -10.25    -13.84    17.23     5 
2280643202   -5.97845    -56.12413     3.21    -12.94    13.34     5 
2280643256   -5.98743    -56.32902   -17.73      0.91    17.76     5 
2280643257   -5.98741    -56.31927   -17.78      2.02    17.90     5 
2280643260   -5.98738    -56.28999    -1.83      3.05     3.55     5 
2280643261   -5.98736    -56.28023    -1.49      2.50     2.91     4 
2280643262   -5.98735    -56.27048     5.97      7.55     9.62     5 
2280643288   -5.98696    -56.01678     5.92      3.45     6.85     5 
2280643309   -5.99633    -56.54369     1.62     11.02    11.14     5 
2280643332   -5.99610    -56.31925   -17.61      2.69    17.81     5 
2280643333   -5.99609    -56.30950    -7.17     -2.55     7.61     5 
2280643335   -5.99606    -56.28998   -18.74      3.31    19.03     5 
2280643336   -5.99605    -56.28022   -17.03     -1.72    17.12     5 
2280643418   -6.00464    -56.21191     3.99    -14.89    15.42     5 
2280643422   -6.00458    -56.17287    13.80     -8.18    16.04     5 
2280643432   -6.00442    -56.07530   -15.35      9.30    17.94     5 
2280643472   -6.01358    -56.41682     0.92     -9.45     9.50     5 
2280643709   -6.03949    -56.29968    -0.17      6.58     6.59     5 
2280643710   -6.03948    -56.28992     5.63      1.83     5.92     5 
2280643784   -6.04818    -56.29967    -0.21      5.68     5.68     5 
2280643785   -6.04816    -56.28991     2.45      3.10     3.95     5 
2280643786   -6.04815    -56.28015     5.74      2.66     6.33     5 
2280643787   -6.04814    -56.27040    16.63      5.14    17.41     5 
2280643788   -6.04812    -56.26064    17.51      2.92    17.75     5 
2280643814   -6.04772    -56.00691    -0.44     -4.22     4.24     5 
2280643864   -6.05680    -56.25086     9.37     13.87    16.74     5 
2280643936   -6.06552    -56.28013    -5.46     18.69    19.47     5 
2280643941   -6.06545    -56.23134    -0.96      1.69     1.94     3 
2280643958   -6.06519    -56.06543     7.43      2.00     7.70     5 
2280644003   -6.07430    -56.35820    11.88    -14.33    18.61     5 
2280644017   -6.07412    -56.22156     0.40      1.28     1.34     3 
2280644091   -6.08282    -56.23131    -4.63     -5.82     7.44     5 
2280644097   -6.08273    -56.17276     2.07    -10.62    10.82     5 
2280644098   -6.08272    -56.16300     1.32    -11.98    12.06     5 
2280644172   -6.09142    -56.17274     2.17    -11.87    12.07     5 
2280644173   -6.09140    -56.16298     1.20    -12.48    12.54     5 
2280644177   -6.09134    -56.12394   -16.99     -5.13    17.75     5 
2280644218   -6.10046    -56.45576    -4.80     16.84    17.51     5 
2280644221   -6.10043    -56.42648    -0.45     15.17    15.17     5 
2280644247   -6.10010    -56.17273    -5.31     -7.43     9.13     5 
2280644295   -6.10912    -56.43624    -2.45     12.25    12.50     5 
2280644296   -6.10911    -56.42648    -2.22     13.61    13.79     5 
2280644370   -6.11781    -56.43623    -8.70     11.91    14.75     5 
2280644371   -6.11780    -56.42647    -8.08     13.41    15.65     5 
2280644431   -6.12662    -56.57287    -0.83      0.58     1.01     3 
2280644506   -6.13530    -56.57286    -0.81      0.54     0.98     2 
2280644691   -6.15229    -56.23121   -16.21    -10.99    19.59     5 
2280644731   -6.16135    -56.57284    -1.13      0.42     1.21     3 
2280644732   -6.16135    -56.56308    -0.50      0.73     0.88     2 
2280644838   -6.16970    -56.26047   -11.27     15.13    18.87     5 
2280644843   -6.16963    -56.21166   -10.52     -5.50    11.87     5 
2280644844   -6.16961    -56.20190    -9.80     -9.05    13.34     5 
2280644918   -6.17831    -56.21165   -11.45     -6.30    13.07     5 
2280644919   -6.17830    -56.20189   -10.44     -9.41    14.06     5 
2280645004   -6.18682    -56.10427    13.35     -8.53    15.84     5 
2280645005   -6.18681    -56.09451    11.36     -8.45    14.16     5 
2280645079   -6.19551    -56.10425    13.38     -8.79    16.01     5 
2280645217   -6.21306    -56.22136    -1.51    -16.03    16.10     5 
2280645221   -6.21300    -56.18232     3.32      9.40     9.97     5 
2280645233   -6.21281    -56.06518   -10.94     -3.60    11.51     5 
----------------------------------------------------------------------
---------------------------------------------------
Total correlated GCPs in Upper Left Quadrant: 16

GCP statistics this quadrant only (in Pixels)
Line residual statistics:
  Mean: -0.206
  Median: 0.228
  Standard Deviation: 10.722

Sample residual statistics:
  Mean: 2.162
  Median: 3.059
  Standard Deviation: 7.285

Quadrant RMSE: 13.143

---------------------------------------------------
Total correlated GCPs in Upper Right Quadrant: 28

GCP statistics this quadrant only (in Pixels)
Line residual statistics:
  Mean: -0.212
  Median: 0.036
  Standard Deviation: 11.510

Sample residual statistics:
  Mean: -0.437
  Median: -1.980
  Standard Deviation: 10.675

Quadrant RMSE: 15.706

---------------------------------------------------
Total correlated GCPs in Lower Left Quadrant: 32

GCP statistics this quadrant only (in Pixels)
Line residual statistics:
  Mean: -1.861
  Median: -0.860
  Standard Deviation: 8.925

Sample residual statistics:
  Mean: 3.913
  Median: 2.598
  Standard Deviation: 7.968

Quadrant RMSE: 12.724

---------------------------------------------------
Total correlated GCPs in Lower Right Quadrant: 41

GCP statistics this quadrant only (in Pixels)
Line residual statistics:
  Mean: 0.201
  Median: 1.201
  Standard Deviation: 9.296

Sample residual statistics:
  Mean: -3.731
  Median: -7.428
  Standard Deviation: 9.974

Quadrant RMSE: 14.138

---------------------------------------------------
---------------------------------------------------
Total correlated GCPs in scene: 118

GCP statistics entire scene (in Pixels)
Line residual statistics:
  Mean: -0.541
  Median: -0.475
  Standard Deviation: 9.971

Sample residual statistics:
  Mean: -0.157
  Median: 0.820
  Standard Deviation: 9.855

Scene RMSE: 14.031

