Quality Assurance of Geometric Corrections for the AST_L1T Product

This file contains two sections:
   * A section listing the GLS 2000 Ground Control Points (GCPs)
     that were used in correcting the geometric location of the pixels
     in order to create this AST_L1T product
   * A section that does an independent geometric verification of the corrected
     pixels by comparing the AST_L1T data to a GLS 2000 Standard Scene.

Section One:

'Precision' correction was not achieved.

Section Two:

==============================================================================
==============================================================================
Sun. Apr. 26 2015                  TERRA_ASTER                       Time: 00:00
                                 ASTER L1T PGE
                            GEOMETRIC VERIFY Report
==============================================================================
WRS-2: Path/Row 228/64
Reference Image: GLS 2000 (p228r064_7dt20001006_z21_50.tif)

Pixel dimensions: 30 x 30 meters
Pointing angle:  -5.718 degrees

Color mapping per rank
----------------------
Rank  1 is Green: total residual <= 0.5
Rank  2 is Cyan: 0.5 < total residual <=  1
Rank  3 is Blue:  1 < total residual <=  2
Rank  4 is Yellow:  2 < total residual <=  3
Rank  5 is Red:  3 < total residual

Percentage of residuals by rank
-------------------------------
Rank   1 --  0.0%
Rank   2 --  0.0%
Rank   3 --  9.6%
Rank   4 --  5.1%
Rank   5 -- 85.3%

       GCP    Latitude    Longitude  Sample   Line     Total    Rank
        ID                           Residual Residual Residual
              (Degree)    (Degree)   (Pixel)  (Pixel)  (Pixel)
----------------------------------------------------------------------
2280640316   -5.70137    -56.10993    -1.11     -1.21     1.65     3 
2280640391   -5.71006    -56.10991    -1.16     -1.13     1.62     3 
2280640489   -5.71835    -55.88560   -18.28      1.23    18.32     5 
2280640641   -5.73568    -55.86606     8.08     14.51    16.61     5 
2280640647   -5.73556    -55.80754   -17.46      1.34    17.51     5 
2280640652   -5.73545    -55.75878   -18.36     -3.34    18.66     5 
2280640691   -5.74479    -56.10986    -1.04    -11.61    11.66     5 
2280640728   -5.74411    -55.74901     9.30     17.46    19.79     5 
2280640766   -5.75347    -56.10985    -0.88    -11.70    11.74     5 
2280640844   -5.76211    -56.08057   -12.67     14.42    19.20     5 
2280640845   -5.76210    -56.07082   -12.48     14.34    19.01     5 
2280640958   -5.77005    -55.70020   -16.08    -11.61    19.83     5 
2280640999   -5.77940    -56.03178   -12.72    -13.00    18.19     5 
2280641014   -5.77913    -55.88548    -9.43     -4.25    10.34     5 
2280641026   -5.77889    -55.76844     7.95     -3.29     8.60     5 
2280641078   -5.78801    -55.99275    -5.68     -3.53     6.69     5 
2280641088   -5.78783    -55.89521     9.22     -4.49    10.25     5 
2280641089   -5.78781    -55.88546   -10.72     -3.91    11.41     5 
2280641107   -5.78744    -55.70991    -6.26     -8.67    10.70     5 
2280641171   -5.79636    -55.81717     3.87      5.66     6.86     5 
2280641179   -5.79619    -55.73915   -10.32     -6.08    11.98     5 
2280641180   -5.79617    -55.72939   -10.53     -5.71    11.98     5 
2280641181   -5.79615    -55.71964   -11.29     -3.29    11.76     5 
2280641182   -5.79612    -55.70989    -5.37     -7.65     9.35     5 
2280641211   -5.80565    -56.15854    13.10     13.30    18.66     5 
2280641244   -5.80508    -55.83666    16.68      7.96    18.48     5 
2280641245   -5.80506    -55.82691    10.17      6.43    12.04     5 
2280641246   -5.80504    -55.81715    10.32      6.06    11.97     5 
2280641254   -5.80487    -55.73913   -11.64     -6.35    13.26     5 
2280641294   -5.81421    -56.08049    -7.56     16.22    17.89     5 
2280641320   -5.81374    -55.82689    13.67      7.04    15.37     5 
2280641321   -5.81372    -55.81713    15.16      4.75    15.89     5 
2280641324   -5.81366    -55.78787    -4.32      0.74     4.39     5 
2280641329   -5.81355    -55.73911    -6.39     -2.40     6.82     5 
2280641374   -5.82281    -56.03170    -3.71    -19.38    19.74     5 
2280641392   -5.82249    -55.85613   -12.52     -5.72    13.76     5 
2280641404   -5.82224    -55.73909    -4.18     -5.29     6.74     5 
2280641405   -5.82221    -55.72933    -4.88     -3.55     6.03     5 
2280641438   -5.83167    -56.13899    13.30      5.11    14.25     5 
2280641458   -5.83134    -55.94390     4.74    -16.59    17.26     5 
2280641467   -5.83117    -55.85611   -17.29      4.09    17.77     5 
2280641513   -5.84035    -56.13898     8.67      5.24    10.13     5 
2280641588   -5.84904    -56.13896    -1.56     -1.22     1.98     3 
2280641604   -5.84878    -55.98289    -3.70     -6.35     7.35     5 
2280641605   -5.84876    -55.97313    -3.84     -4.87     6.20     5 
2280641620   -5.84847    -55.82682     4.71     -3.68     5.98     5 
2280641663   -5.85772    -56.13895    -3.74     -2.18     4.33     5 
2280641664   -5.85771    -56.12919    -2.16     -1.29     2.52     4 
2280641665   -5.85769    -56.11944    -6.94    -16.06    17.50     5 
2280641679   -5.85746    -55.98287    -4.76     -5.73     7.45     5 
2280641680   -5.85744    -55.97311    -4.44     -4.79     6.53     5 
2280641743   -5.86633    -56.09016    -0.15    -10.34    10.34     5 
2280641780   -5.86562    -55.72924    -5.82     16.99    17.96     5 
2280641855   -5.87431    -55.72922    -6.83     16.95    18.27     5 
2280641987   -5.89204    -55.90476    16.23    -10.61    19.39     5 
2280642000   -5.89178    -55.77795   -11.88      1.53    11.98     5 
2280642143   -5.90929    -55.84620   -12.69     -1.25    12.75     5 
2280642154   -5.90906    -55.73889    -1.06     -1.29     1.67     3 
2280642209   -5.91815    -55.93398   -17.10      8.97    19.31     5 
2280642210   -5.91813    -55.92422   -17.60      6.70    18.83     5 
2280642260   -5.92723    -56.16811     0.47     19.81    19.81     5 
2280642261   -5.92722    -56.15836    -0.13     10.85    10.85     5 
2280642265   -5.92716    -56.11933   -11.28    -10.36    15.31     5 
2280642269   -5.92710    -56.08030   -11.52     -0.12    11.52     5 
2280642294   -5.92664    -55.83641    18.64      1.72    18.72     5 
2280642301   -5.92649    -55.76812   -10.49     -9.92    14.44     5 
2280642335   -5.93592    -56.16810    -0.68     18.62    18.63     5 
2280642368   -5.93534    -55.84614    10.90     15.58    19.01     5 
2280642369   -5.93532    -55.83639    10.94     13.88    17.67     5 
2280642411   -5.94459    -56.15833    16.15      0.15    16.15     5 
2280642442   -5.94404    -55.85588     8.33    -15.44    17.55     5 
2280642443   -5.94402    -55.84613     8.77     14.43    16.89     5 
2280642444   -5.94400    -55.83637     8.32     14.14    16.41     5 
2280642446   -5.94396    -55.81686   -14.56     -5.52    15.57     5 
2280642447   -5.94394    -55.80710   -15.04     -7.72    16.91     5 
2280642489   -5.95322    -56.12904    -2.15     15.41    15.56     5 
2280642490   -5.95321    -56.11929    -0.80     13.74    13.76     5 
2280642509   -5.95288    -55.93391    17.90      7.72    19.49     5 
2280642510   -5.95286    -55.92416    12.41     12.77    17.80     5 
2280642521   -5.95264    -55.81684   -14.65     -5.95    15.81     5 
2280642522   -5.95262    -55.80709   -14.91     -7.29    16.59     5 
2280642529   -5.95247    -55.73880    -3.91     11.40    12.06     5 
2280642584   -5.96157    -55.93390    15.96      9.66    18.65     5 
2280642595   -5.96135    -55.82658    -2.40     -0.41     2.44     4 
2280642601   -5.96122    -55.76804    -9.69     -9.84    13.81     5 
2280642647   -5.97046    -56.05096    18.90      1.90    18.99     5 
2280642654   -5.97034    -55.98266    12.88     15.04    19.80     5 
2280642709   -5.97935    -56.17779     2.34     15.58    15.75     5 
2280642713   -5.97929    -56.13876     5.76     14.81    15.89     5 
2280642820   -5.98740    -55.82652   -10.40     12.86    16.54     5 
2280642826   -5.98727    -55.76798    -1.69     -6.32     6.54     5 
2280642862   -5.99667    -56.14849     5.25     -7.34     9.02     5 
2280642893   -5.99612    -55.84602    -0.92     -1.13     1.45     3 
2280642894   -5.99610    -55.83626   -10.92     10.30    15.01     5 
2280642901   -5.99595    -55.76796     0.63      5.22     5.26     5 
2280642964   -6.00488    -55.88503     7.38     -6.35     9.74     5 
2280642968   -6.00480    -55.84600    -1.36     -0.98     1.68     3 
2280643011   -6.01406    -56.15822     4.57    -17.88    18.46     5 
2280643025   -6.01383    -56.02161    -7.62    -15.74    17.49     5 
2280643103   -6.02246    -55.99232    14.06     -7.97    16.16     5 
2280643182   -6.03107    -55.95328    18.76      0.39    18.76     5 
2280643193   -6.03085    -55.84594    -1.08     -0.85     1.37     3 
2280643268   -6.03953    -55.84593    -1.18     -1.09     1.60     3 
2280643320   -6.04865    -56.07034     7.76     16.10    17.87     5 
2280643321   -6.04863    -56.06058     9.64     10.67    14.38     5 
2280643336   -6.04836    -55.91421    15.08     11.31    18.85     5 
2280643337   -6.04834    -55.90445    15.16      0.42    15.16     5 
2280643343   -6.04822    -55.84591    -1.10     -1.25     1.67     3 
2280643348   -6.04811    -55.79712    -7.47    -17.04    18.60     5 
2280643386   -6.05747    -56.15816    12.74     -1.22    12.80     5 
2280643418   -6.05690    -55.84589    -1.34     -0.61     1.47     3 
2280643469   -6.06603    -56.08007    10.67      4.15    11.44     5 
2280643481   -6.06582    -55.96297    10.73     15.13    18.55     5 
2280643494   -6.06556    -55.83611    -1.85     -1.15     2.18     4 
2280643495   -6.06554    -55.82635     1.58      5.87     6.08     5 
2280643544   -6.07471    -56.08006    -4.63      2.29     5.16     5 
2280643566   -6.07430    -55.86537     5.60      5.42     7.79     5 
2280643568   -6.07426    -55.84585    -0.84     -1.10     1.38     3 
2280643569   -6.07424    -55.83609    -2.02     -1.14     2.31     4 
2280643618   -6.08341    -56.08980    11.15     10.34    15.21     5 
2280643645   -6.08290    -55.82632    10.78     -2.12    10.99     5 
2280643648   -6.08284    -55.79704   -11.96     11.56    16.63     5 
2280643774   -6.10068    -56.03122    -0.57    -14.85    14.87     5 
2280643781   -6.10055    -55.96290    -8.33     16.44    18.43     5 
2280643782   -6.10053    -55.95314   -10.84      9.37    14.33     5 
2280643930   -6.11794    -55.97263   -11.98      1.50    12.08     5 
2280644088   -6.13514    -55.89452    -0.99      6.23     6.31     5 
2280644094   -6.13502    -55.83596   -13.47     -4.92    14.34     5 
2280644095   -6.13500    -55.82620    -3.47      1.12     3.65     5 
2280644165   -6.14379    -55.87498    -5.45    -12.08    13.26     5 
2280644169   -6.14370    -55.83594     0.40     -0.97     1.05     3 
2280644170   -6.14368    -55.82619    -2.91      3.72     4.72     5 
2280644172   -6.14364    -55.80667     0.81    -10.00    10.03     5 
2280644173   -6.14362    -55.79691    -2.80     -9.22     9.63     5 
2280644232   -6.15263    -55.95304    -6.11    -18.16    19.16     5 
2280644238   -6.15251    -55.89448     4.96    -15.80    16.56     5 
2280644240   -6.15247    -55.87496   -12.83    -11.21    17.04     5 
2280644244   -6.15239    -55.83593    -1.62     -1.17     1.99     3 
2280644245   -6.15236    -55.82617    -1.61     -0.45     1.67     3 
2280644246   -6.15234    -55.81641    -2.81      0.76     2.91     4 
2280644247   -6.15232    -55.80665    -4.14     -4.72     6.28     5 
2280644319   -6.16107    -55.83591    -1.91     -1.24     2.27     4 
2280644320   -6.16105    -55.82615    -1.64     -0.70     1.78     3 
2280644321   -6.16103    -55.81639    -2.36      0.20     2.37     4 
2280644322   -6.16100    -55.80663    -7.60     -6.64    10.09     5 
2280644360   -6.17037    -56.16774     9.47    -12.02    15.31     5 
2280644371   -6.17019    -56.06037    -8.31     -8.50    11.88     5 
2280644372   -6.17018    -56.05061    -7.50    -10.81    13.16     5 
2280644398   -6.16967    -55.79685    -9.04     -7.84    11.97     5 
2280644434   -6.17907    -56.17749    -9.60     14.75    17.59     5 
2280644447   -6.17886    -56.05060    -8.10    -10.48    13.24     5 
2280644516   -6.18765    -56.10915     2.39    -11.05    11.31     5 
2280644517   -6.18763    -56.09938     3.76    -14.74    15.21     5 
2280644542   -6.18716    -55.85537   -16.32     -5.96    17.38     5 
2280644592   -6.19631    -56.09937     4.47    -13.85    14.55     5 
2280644598   -6.19621    -56.04080    19.28      4.81    19.87     5 
2280644617   -6.19584    -55.85535    -2.54     -8.07     8.46     5 
2280644618   -6.19582    -55.84559    -4.47    -11.32    12.17     5 
2280644655   -6.20518    -56.21649   -11.97     -8.69    14.79     5 
2280644673   -6.20489    -56.04079    16.24      4.88    16.96     5 
2280644682   -6.20473    -55.95294    -2.04      0.15     2.04     4 
2280644730   -6.21387    -56.21648    -2.37    -19.44    19.58     5 
2280644757   -6.21341    -55.95292    -1.76     -0.73     1.91     3 
2280644816   -6.22238    -56.10909     8.67    -12.60    15.29     5 
2280644843   -6.22187    -55.84553     9.45    -12.69    15.82     5 
2280644910   -6.23072    -55.92360    -0.48      6.85     6.86     5 
2280644913   -6.23066    -55.89432    -1.90     -0.34     1.93     3 
2280644918   -6.23055    -55.84551    10.70     -9.74    14.47     5 
2280644919   -6.23053    -55.83575    13.67    -13.02    18.88     5 
2280644988   -6.23934    -55.89430    -2.92      0.71     3.01     5 
2280644989   -6.23932    -55.88454    -2.47      0.82     2.61     4 
2280644993   -6.23923    -55.84550    10.55     -4.52    11.47     5 
2280644998   -6.23912    -55.79669   -10.86      8.75    13.95     5 
2280645053   -6.24822    -55.99190   -12.66     -6.72    14.33     5 
2280645054   -6.24820    -55.98214   -11.93     -7.95    14.34     5 
2280645143   -6.25660    -55.84546    -9.05    -12.97    15.82     5 
2280645220   -6.26524    -55.82592    17.10     -2.71    17.31     5 
----------------------------------------------------------------------
---------------------------------------------------
Total correlated GCPs in Upper Left Quadrant: 42

GCP statistics this quadrant only (in Pixels)
Line residual statistics:
  Mean: -1.285
  Median: -1.855
  Standard Deviation: 9.644

Sample residual statistics:
  Mean: 1.091
  Median: -1.171
  Standard Deviation: 10.596

Quadrant RMSE: 14.427

---------------------------------------------------
Total correlated GCPs in Upper Right Quadrant: 46

GCP statistics this quadrant only (in Pixels)
Line residual statistics:
  Mean: -2.925
  Median: -5.125
  Standard Deviation: 10.530

Sample residual statistics:
  Mean: 0.841
  Median: -1.269
  Standard Deviation: 8.653

Quadrant RMSE: 13.965

---------------------------------------------------
Total correlated GCPs in Lower Left Quadrant: 38

GCP statistics this quadrant only (in Pixels)
Line residual statistics:
  Mean: 2.248
  Median: 3.075
  Standard Deviation: 9.905

Sample residual statistics:
  Mean: -1.742
  Median: -0.977
  Standard Deviation: 11.200

Quadrant RMSE: 15.219

---------------------------------------------------
Total correlated GCPs in Lower Right Quadrant: 50

GCP statistics this quadrant only (in Pixels)
Line residual statistics:
  Mean: -1.191
  Median: -1.747
  Standard Deviation: 7.233

Sample residual statistics:
  Mean: -2.807
  Median: -1.143
  Standard Deviation: 6.553

Quadrant RMSE: 10.225

---------------------------------------------------
---------------------------------------------------
Total correlated GCPs in scene: 177

GCP statistics entire scene (in Pixels)
Line residual statistics:
  Mean: -0.845
  Median: -1.854
  Standard Deviation: 9.544

Sample residual statistics:
  Mean: -0.614
  Median: -1.148
  Standard Deviation: 9.441

Scene RMSE: 13.465

