Quality Assurance of Geometric Corrections for the AST_L1T Product

This file contains two sections:
   * A section listing the GLS 2000 Ground Control Points (GCPs)
     that were used in correcting the geometric location of the pixels
     in order to create this AST_L1T product
   * A section that does an independent geometric verification of the corrected
     pixels by comparing the AST_L1T data to a GLS 2000 Standard Scene.

Section One:

'Precision' correction was not achieved.

Section Two:

==============================================================================
==============================================================================
Mon. May. 11 2015                  TERRA_ASTER                       Time: 20:25
                                 ASTER L1T PGE
                            GEOMETRIC VERIFY Report
==============================================================================
WRS-2: Path/Row 228/64
Reference Image: GLS 2000 (p228r064_7dt20001006_z21_50.tif)

Pixel dimensions: 30 x 30 meters
Pointing angle:  -2.884 degrees

Color mapping per rank
----------------------
Rank  1 is Green: total residual <= 0.5
Rank  2 is Cyan: 0.5 < total residual <=  1
Rank  3 is Blue:  1 < total residual <=  2
Rank  4 is Yellow:  2 < total residual <=  3
Rank  5 is Red:  3 < total residual

Percentage of residuals by rank
-------------------------------
Rank   1 --  0.0%
Rank   2 --  0.0%
Rank   3 -- 100.0%
Rank   4 --  0.0%
Rank   5 --  0.0%

       GCP    Latitude    Longitude  Sample   Line     Total    Rank
        ID                           Residual Residual Residual
              (Degree)    (Degree)   (Pixel)  (Pixel)  (Pixel)
----------------------------------------------------------------------
2280640327   -5.64637    -56.38063    -1.08      0.93     1.42     3 
2280640400   -5.65507    -56.40012    -1.08      1.03     1.50     3 
2280640401   -5.65506    -56.39037    -1.01      0.96     1.40     3 
2280640402   -5.65505    -56.38062    -1.05      0.97     1.42     3 
2280640477   -5.66374    -56.38061    -1.20      0.98     1.55     3 
2280640482   -5.66368    -56.33185    -0.97      1.09     1.46     3 
2280640483   -5.66367    -56.32209    -1.08      1.01     1.47     3 
2280640484   -5.66366    -56.31234    -1.09      1.01     1.49     3 
2280640485   -5.66365    -56.30259    -1.10      1.02     1.50     3 
2280640486   -5.66364    -56.29284    -0.97      0.96     1.37     3 
2280640490   -5.66359    -56.25383    -1.10      1.03     1.51     3 
2280640491   -5.66357    -56.24408    -1.12      1.12     1.58     3 
2280640492   -5.66356    -56.23432    -1.07      1.05     1.50     3 
2280640540   -5.67253    -56.49763    -0.86      1.08     1.38     3 
2280640541   -5.67253    -56.48788    -0.95      0.80     1.24     3 
2280640542   -5.67252    -56.47812    -0.95      0.75     1.21     3 
2280640543   -5.67251    -56.46837    -1.00      0.77     1.26     3 
2280640552   -5.67242    -56.38060    -1.15      0.97     1.50     3 
2280640559   -5.67234    -56.31233    -1.08      1.00     1.47     3 
2280640560   -5.67233    -56.30258    -1.07      0.97     1.45     3 
2280640561   -5.67232    -56.29283    -1.06      0.94     1.42     3 
2280640570   -5.67220    -56.20506    -1.06      1.13     1.55     3 
2280640571   -5.67219    -56.19530    -1.01      0.98     1.41     3 
2280640572   -5.67218    -56.18555    -1.04      1.04     1.48     3 
2280640574   -5.67215    -56.16605    -0.98      1.16     1.52     3 
2280640616   -5.68121    -56.48787    -0.93      0.83     1.24     3 
2280640617   -5.68120    -56.47812    -0.99      0.78     1.26     3 
2280640618   -5.68119    -56.46836    -1.01      0.72     1.24     3 
2280640621   -5.68116    -56.43910    -0.96      0.73     1.20     3 
2280640622   -5.68115    -56.42935    -1.00      0.77     1.26     3 
2280640646   -5.68088    -56.19529    -1.01      1.00     1.43     3 
2280640650   -5.68082    -56.15628    -1.06      1.16     1.57     3 
2280640653   -5.68078    -56.12703    -0.97      1.16     1.51     3 
2280640693   -5.68987    -56.46836    -1.06      0.84     1.35     3 
2280640721   -5.68956    -56.19528    -0.89      1.00     1.34     3 
2280640725   -5.68950    -56.15627    -1.03      1.16     1.55     3 
2280640729   -5.68945    -56.11726    -0.96      1.09     1.45     3 
2280640730   -5.68943    -56.10751    -0.92      1.08     1.42     3 
2280640784   -5.69839    -56.31230    -1.23      0.83     1.48     3 
2280640785   -5.69838    -56.30255    -1.11      0.82     1.38     3 
2280640786   -5.69837    -56.29279    -1.05      0.92     1.39     3 
2280640787   -5.69836    -56.28304    -1.09      1.01     1.48     3 
2280640795   -5.69826    -56.20502    -0.93      0.91     1.30     3 
2280640796   -5.69824    -56.19527    -1.02      0.97     1.40     3 
2280640800   -5.69819    -56.15626    -1.07      1.14     1.56     3 
2280640801   -5.69817    -56.14650    -0.96      1.13     1.48     3 
2280640804   -5.69813    -56.11725    -0.98      1.09     1.46     3 
2280640805   -5.69811    -56.10749    -0.93      1.06     1.41     3 
2280640806   -5.69810    -56.09774    -0.86      1.12     1.41     3 
2280640847   -5.70721    -56.42933    -0.99      0.80     1.28     3 
2280640848   -5.70720    -56.41957    -1.05      0.86     1.36     3 
2280640859   -5.70708    -56.31229    -1.17      0.89     1.47     3 
2280640860   -5.70707    -56.30254    -1.07      0.85     1.36     3 
2280640861   -5.70706    -56.29278    -1.09      0.93     1.43     3 
2280640862   -5.70704    -56.28303    -1.10      0.99     1.48     3 
2280640865   -5.70701    -56.25377    -1.06      0.97     1.43     3 
2280640866   -5.70699    -56.24402    -1.10      0.99     1.48     3 
2280640867   -5.70698    -56.23427    -1.05      0.96     1.42     3 
2280640868   -5.70697    -56.22451    -1.04      0.98     1.43     3 
2280640869   -5.70695    -56.21476    -1.00      0.99     1.40     3 
2280640870   -5.70694    -56.20501    -1.04      0.89     1.37     3 
2280640871   -5.70693    -56.19526    -1.09      0.95     1.44     3 
2280640877   -5.70684    -56.13674    -1.02      1.10     1.50     3 
2280640878   -5.70683    -56.12699    -0.99      1.09     1.47     3 
2280640879   -5.70681    -56.11723    -0.98      1.08     1.46     3 
2280640880   -5.70680    -56.10748    -0.97      1.06     1.44     3 
2280640881   -5.70678    -56.09773    -0.94      1.11     1.46     3 
2280640883   -5.70675    -56.07822    -0.68      1.06     1.26     3 
2280640884   -5.70674    -56.06847    -0.87      1.07     1.38     3 
2280640922   -5.71589    -56.42932    -1.04      0.79     1.31     3 
2280640923   -5.71588    -56.41956    -1.06      0.88     1.38     3 
2280640928   -5.71583    -56.37080    -1.14      0.99     1.50     3 
2280640934   -5.71576    -56.31228    -1.11      0.96     1.47     3 
2280640935   -5.71575    -56.30253    -1.07      0.95     1.43     3 
2280640936   -5.71574    -56.29277    -1.04      0.96     1.41     3 
2280640937   -5.71573    -56.28302    -1.03      0.95     1.40     3 
2280640938   -5.71571    -56.27327    -1.05      0.91     1.39     3 
2280640939   -5.71570    -56.26351    -1.03      0.91     1.37     3 
2280640940   -5.71569    -56.25376    -0.98      0.92     1.34     3 
2280640941   -5.71568    -56.24401    -1.07      0.95     1.43     3 
2280640942   -5.71566    -56.23425    -1.13      0.90     1.45     3 
2280640943   -5.71565    -56.22450    -1.09      0.95     1.45     3 
2280640944   -5.71564    -56.21475    -0.97      0.86     1.29     3 
2280640945   -5.71562    -56.20500    -0.97      0.85     1.29     3 
2280640946   -5.71561    -56.19524    -1.07      0.88     1.38     3 
2280640952   -5.71552    -56.13673    -0.94      1.06     1.42     3 
2280640953   -5.71551    -56.12697    -1.04      1.09     1.51     3 
2280640954   -5.71550    -56.11722    -0.99      1.05     1.45     3 
2280640955   -5.71548    -56.10747    -1.01      1.05     1.46     3 
2280640956   -5.71547    -56.09772    -0.98      1.08     1.46     3 
2280640957   -5.71545    -56.08796    -0.88      1.01     1.34     3 
2280640958   -5.71543    -56.07821    -0.84      0.99     1.30     3 
2280640996   -5.72458    -56.43906    -1.19      0.67     1.36     3 
2280641008   -5.72446    -56.32202    -1.10      0.95     1.45     3 
2280641009   -5.72445    -56.31227    -1.08      0.95     1.44     3 
2280641010   -5.72443    -56.30251    -1.03      0.99     1.43     3 
2280641011   -5.72442    -56.29276    -1.00      0.97     1.40     3 
2280641012   -5.72441    -56.28301    -1.02      0.96     1.40     3 
2280641013   -5.72440    -56.27326    -0.98      0.91     1.33     3 
2280641014   -5.72439    -56.26350    -0.95      0.88     1.30     3 
2280641015   -5.72437    -56.25375    -1.03      0.84     1.33     3 
2280641016   -5.72436    -56.24400    -1.11      0.99     1.49     3 
2280641017   -5.72435    -56.23424    -1.04      0.90     1.38     3 
2280641018   -5.72433    -56.22449    -1.02      0.90     1.36     3 
2280641019   -5.72432    -56.21474    -0.98      0.85     1.30     3 
2280641020   -5.72431    -56.20498    -0.92      0.86     1.26     3 
2280641028   -5.72419    -56.12696    -1.03      1.04     1.46     3 
2280641029   -5.72418    -56.11721    -1.01      1.00     1.42     3 
2280641030   -5.72416    -56.10745    -0.87      1.06     1.37     3 
2280641031   -5.72415    -56.09770    -0.99      1.02     1.42     3 
2280641032   -5.72413    -56.08795    -0.97      1.01     1.40     3 
2280641033   -5.72412    -56.07820    -0.97      1.02     1.40     3 
2280641076   -5.73322    -56.39029    -1.01      0.76     1.26     3 
2280641077   -5.73321    -56.38053    -0.97      0.81     1.26     3 
2280641083   -5.73314    -56.32201    -1.06      0.92     1.40     3 
2280641084   -5.73313    -56.31226    -1.03      0.92     1.39     3 
2280641088   -5.73308    -56.27325    -0.98      0.88     1.32     3 
2280641089   -5.73307    -56.26349    -0.92      0.88     1.28     3 
2280641090   -5.73306    -56.25374    -0.99      0.88     1.33     3 
2280641091   -5.73304    -56.24399    -1.05      0.99     1.44     3 
2280641092   -5.73303    -56.23423    -1.00      0.89     1.34     3 
2280641093   -5.73302    -56.22448    -0.97      0.91     1.34     3 
2280641094   -5.73301    -56.21473    -0.96      0.88     1.31     3 
2280641095   -5.73299    -56.20497    -0.86      0.89     1.24     3 
2280641100   -5.73292    -56.15621    -1.11      0.89     1.42     3 
2280641101   -5.73291    -56.14645    -1.00      0.92     1.36     3 
2280641106   -5.73283    -56.09769    -0.97      0.99     1.38     3 
2280641107   -5.73282    -56.08794    -0.99      0.98     1.39     3 
2280641108   -5.73280    -56.07818    -0.97      0.99     1.39     3 
2280641109   -5.73278    -56.06843    -0.95      1.02     1.39     3 
2280641110   -5.73277    -56.05868    -0.90      0.98     1.34     3 
2280641147   -5.74194    -56.42929    -1.17      0.86     1.45     3 
2280641150   -5.74191    -56.40003    -1.05      0.81     1.33     3 
2280641151   -5.74190    -56.39028    -1.11      0.85     1.40     3 
2280641152   -5.74189    -56.38052    -0.98      0.78     1.25     3 
2280641156   -5.74185    -56.34151    -1.03      0.86     1.34     3 
2280641157   -5.74184    -56.33176    -1.10      0.89     1.41     3 
2280641158   -5.74183    -56.32200    -1.06      0.95     1.42     3 
2280641159   -5.74181    -56.31225    -1.03      0.88     1.36     3 
2280641162   -5.74178    -56.28299    -1.12      0.96     1.47     3 
2280641163   -5.74177    -56.27323    -1.06      0.85     1.36     3 
2280641164   -5.74175    -56.26348    -1.05      0.92     1.40     3 
2280641170   -5.74167    -56.20496    -0.98      0.92     1.34     3 
2280641181   -5.74152    -56.09767    -0.98      1.04     1.43     3 
2280641182   -5.74150    -56.08792    -0.97      1.01     1.40     3 
2280641183   -5.74148    -56.07817    -0.93      1.00     1.36     3 
2280641222   -5.75063    -56.42928    -1.19      0.82     1.44     3 
2280641225   -5.75060    -56.40002    -1.14      0.79     1.39     3 
2280641226   -5.75059    -56.39027    -1.15      0.87     1.44     3 
2280641227   -5.75058    -56.38051    -1.08      0.73     1.30     3 
2280641231   -5.75053    -56.34150    -1.08      0.91     1.41     3 
2280641232   -5.75052    -56.33174    -1.07      0.93     1.41     3 
2280641233   -5.75051    -56.32199    -1.08      0.93     1.43     3 
2280641234   -5.75050    -56.31224    -1.09      0.90     1.41     3 
2280641235   -5.75049    -56.30248    -1.06      0.94     1.42     3 
2280641236   -5.75047    -56.29273    -1.04      1.00     1.44     3 
2280641237   -5.75046    -56.28298    -1.03      0.82     1.31     3 
2280641238   -5.75045    -56.27322    -1.03      0.82     1.32     3 
2280641258   -5.75017    -56.07815    -0.86      1.05     1.36     3 
2280641292   -5.75936    -56.47805    -1.00      0.70     1.22     3 
2280641293   -5.75935    -56.46829    -1.01      0.70     1.23     3 
2280641295   -5.75933    -56.44878    -1.03      0.84     1.33     3 
2280641296   -5.75932    -56.43903    -1.10      0.75     1.33     3 
2280641297   -5.75931    -56.42927    -1.10      0.78     1.35     3 
2280641298   -5.75930    -56.41952    -1.12      0.79     1.37     3 
2280641301   -5.75927    -56.39026    -1.07      0.78     1.32     3 
2280641302   -5.75926    -56.38050    -1.17      0.69     1.36     3 
2280641304   -5.75924    -56.36100    -1.01      0.84     1.31     3 
2280641305   -5.75923    -56.35124    -1.05      0.92     1.40     3 
2280641306   -5.75922    -56.34149    -1.08      0.94     1.44     3 
2280641307   -5.75920    -56.33174    -1.05      0.94     1.41     3 
2280641308   -5.75919    -56.32198    -1.06      0.93     1.41     3 
2280641309   -5.75918    -56.31223    -1.10      0.91     1.43     3 
2280641310   -5.75917    -56.30247    -1.24      0.95     1.56     3 
2280641311   -5.75916    -56.29272    -1.15      0.91     1.47     3 
2280641312   -5.75915    -56.28296    -1.03      0.84     1.33     3 
2280641313   -5.75913    -56.27321    -1.06      0.83     1.35     3 
2280641328   -5.75893    -56.12691    -0.92      1.03     1.38     3 
2280641329   -5.75891    -56.11715    -1.08      1.01     1.48     3 
2280641330   -5.75890    -56.10740    -1.00      1.12     1.50     3 
2280641368   -5.76803    -56.46828    -1.11      0.77     1.35     3 
2280641371   -5.76801    -56.43902    -1.07      0.78     1.33     3 
2280641372   -5.76799    -56.42927    -1.12      0.79     1.37     3 
2280641373   -5.76799    -56.41951    -1.18      0.77     1.41     3 
2280641374   -5.76797    -56.40976    -1.14      0.77     1.38     3 
2280641375   -5.76797    -56.40000    -1.08      0.83     1.36     3 
2280641376   -5.76795    -56.39025    -1.05      0.85     1.35     3 
2280641377   -5.76794    -56.38050    -1.12      0.75     1.35     3 
2280641378   -5.76793    -56.37074    -1.17      0.77     1.40     3 
2280641379   -5.76792    -56.36099    -1.09      0.90     1.41     3 
2280641380   -5.76791    -56.35123    -1.10      0.92     1.43     3 
2280641381   -5.76790    -56.34148    -1.09      0.92     1.42     3 
2280641382   -5.76789    -56.33172    -1.06      0.93     1.41     3 
2280641442   -5.77673    -56.47803    -1.05      0.89     1.38     3 
2280641443   -5.77672    -56.46827    -1.08      0.87     1.39     3 
2280641444   -5.77671    -56.45852    -0.99      0.88     1.32     3 
2280641445   -5.77670    -56.44877    -0.95      0.82     1.25     3 
2280641446   -5.77669    -56.43901    -1.04      0.85     1.35     3 
2280641447   -5.77668    -56.42926    -1.08      0.84     1.37     3 
2280641448   -5.77667    -56.41950    -1.13      0.83     1.41     3 
2280641449   -5.77666    -56.40975    -1.07      0.86     1.37     3 
2280641450   -5.77665    -56.39999    -1.09      0.83     1.37     3 
2280641451   -5.77664    -56.39024    -1.05      0.87     1.37     3 
2280641452   -5.77663    -56.38049    -1.06      0.85     1.36     3 
2280641455   -5.77660    -56.35122    -1.07      0.92     1.42     3 
2280641456   -5.77658    -56.34147    -1.09      1.00     1.48     3 
2280641457   -5.77657    -56.33171    -1.04      1.03     1.47     3 
2280641470   -5.77641    -56.20491    -1.00      1.08     1.47     3 
2280641473   -5.77637    -56.17565    -1.02      1.01     1.44     3 
2280641513   -5.78545    -56.51704    -1.00      0.91     1.35     3 
2280641514   -5.78544    -56.50729    -1.00      0.93     1.37     3 
2280641515   -5.78543    -56.49753    -1.04      0.95     1.41     3 
2280641516   -5.78542    -56.48778    -1.08      0.95     1.44     3 
2280641517   -5.78541    -56.47802    -1.05      0.90     1.38     3 
2280641518   -5.78540    -56.46827    -1.07      0.89     1.39     3 
2280641519   -5.78539    -56.45851    -1.10      0.88     1.41     3 
2280641520   -5.78538    -56.44876    -1.12      0.84     1.40     3 
2280641521   -5.78537    -56.43900    -1.12      0.84     1.40     3 
2280641523   -5.78535    -56.41949    -1.06      0.83     1.35     3 
2280641524   -5.78534    -56.40974    -1.08      0.86     1.38     3 
2280641525   -5.78533    -56.39999    -1.12      0.89     1.42     3 
2280641526   -5.78532    -56.39023    -1.11      0.91     1.44     3 
2280641542   -5.78513    -56.23416    -1.02      0.98     1.41     3 
2280641543   -5.78512    -56.22441    -1.06      1.00     1.46     3 
2280641544   -5.78511    -56.21465    -1.10      1.04     1.52     3 
2280641546   -5.78508    -56.19514    -0.97      1.03     1.41     3 
2280641548   -5.78505    -56.17564    -1.14      0.99     1.51     3 
2280641591   -5.79410    -56.48777    -1.07      0.89     1.39     3 
2280641592   -5.79410    -56.47801    -1.07      0.88     1.38     3 
2280641593   -5.79409    -56.46826    -1.09      0.87     1.39     3 
2280641594   -5.79408    -56.45850    -1.15      0.84     1.42     3 
2280641595   -5.79407    -56.44875    -1.23      0.81     1.47     3 
2280641596   -5.79406    -56.43899    -1.20      0.86     1.48     3 
2280641598   -5.79404    -56.41949    -1.09      0.84     1.37     3 
2280641599   -5.79403    -56.40973    -1.13      0.88     1.43     3 
2280641600   -5.79402    -56.39998    -1.12      0.90     1.44     3 
2280641601   -5.79401    -56.39022    -1.12      0.93     1.45     3 
2280641604   -5.79397    -56.36096    -1.05      0.95     1.41     3 
2280641611   -5.79389    -56.29268    -1.06      0.92     1.40     3 
2280641612   -5.79388    -56.28292    -1.02      0.88     1.34     3 
2280641617   -5.79382    -56.23415    -1.03      0.98     1.42     3 
2280641666   -5.80279    -56.48776    -1.13      0.87     1.43     3 
2280641667   -5.80278    -56.47801    -1.11      0.87     1.41     3 
2280641668   -5.80277    -56.46825    -1.07      0.88     1.39     3 
2280641671   -5.80274    -56.43899    -1.18      0.68     1.36     3 
2280641672   -5.80273    -56.42923    -1.16      0.87     1.45     3 
2280641673   -5.80272    -56.41948    -1.14      0.89     1.44     3 
2280641674   -5.80271    -56.40972    -1.17      0.90     1.47     3 
2280641675   -5.80270    -56.39997    -1.17      0.89     1.47     3 
2280641676   -5.80269    -56.39021    -1.13      0.90     1.45     3 
2280641677   -5.80268    -56.38046    -1.09      0.87     1.40     3 
2280641678   -5.80267    -56.37070    -1.09      0.90     1.41     3 
2280641679   -5.80266    -56.36095    -1.08      0.96     1.45     3 
2280641737   -5.81151    -56.52677    -1.01      0.90     1.35     3 
2280641738   -5.81150    -56.51702    -1.03      0.89     1.36     3 
2280641741   -5.81147    -56.48775    -1.15      0.87     1.45     3 
2280641742   -5.81146    -56.47800    -1.15      0.91     1.46     3 
2280641743   -5.81145    -56.46824    -1.07      0.90     1.40     3 
2280641746   -5.81143    -56.43898    -1.17      0.64     1.34     3 
2280641747   -5.81142    -56.42922    -1.11      0.87     1.41     3 
2280641748   -5.81141    -56.41947    -1.09      0.91     1.42     3 
2280641749   -5.81140    -56.40971    -1.09      0.88     1.40     3 
2280641750   -5.81138    -56.39996    -1.12      0.88     1.42     3 
2280641751   -5.81137    -56.39020    -1.11      0.88     1.42     3 
2280641752   -5.81136    -56.38045    -1.11      0.88     1.42     3 
2280641753   -5.81135    -56.37069    -1.10      0.93     1.44     3 
2280641754   -5.81134    -56.36094    -1.08      0.93     1.42     3 
2280641755   -5.81133    -56.35118    -1.10      0.94     1.45     3 
2280641758   -5.81130    -56.32192    -1.09      0.93     1.43     3 
2280641812   -5.82019    -56.52677    -1.05      1.00     1.45     3 
2280641813   -5.82018    -56.51701    -1.05      0.94     1.41     3 
2280641816   -5.82016    -56.48774    -1.11      0.85     1.40     3 
2280641817   -5.82015    -56.47799    -1.14      0.89     1.44     3 
2280641818   -5.82014    -56.46823    -1.14      0.87     1.43     3 
2280641819   -5.82013    -56.45848    -1.14      0.85     1.42     3 
2280641820   -5.82012    -56.44872    -1.16      0.83     1.43     3 
2280641821   -5.82011    -56.43897    -1.16      0.84     1.43     3 
2280641822   -5.82010    -56.42921    -1.11      0.87     1.40     3 
2280641823   -5.82009    -56.41946    -1.07      0.88     1.39     3 
2280641824   -5.82008    -56.40970    -1.05      0.86     1.36     3 
2280641825   -5.82007    -56.39995    -1.04      0.90     1.37     3 
2280641826   -5.82006    -56.39019    -1.05      0.90     1.39     3 
2280641827   -5.82005    -56.38044    -1.10      0.91     1.43     3 
2280641828   -5.82004    -56.37068    -1.07      0.96     1.43     3 
2280641829   -5.82003    -56.36093    -1.04      0.89     1.36     3 
2280641830   -5.82002    -56.35117    -1.10      0.93     1.44     3 
2280641831   -5.82000    -56.34142    -1.07      1.00     1.46     3 
2280641832   -5.81999    -56.33166    -1.14      0.84     1.42     3 
2280641833   -5.81998    -56.32191    -1.13      0.89     1.44     3 
2280641834   -5.81997    -56.31215    -1.17      0.93     1.50     3 
2280641887   -5.82887    -56.52676    -1.04      1.03     1.46     3 
2280641888   -5.82887    -56.51700    -1.02      0.96     1.40     3 
2280641889   -5.82886    -56.50725    -1.13      0.87     1.43     3 
2280641890   -5.82885    -56.49749    -1.14      0.82     1.40     3 
2280641891   -5.82884    -56.48774    -1.14      0.82     1.40     3 
2280641892   -5.82883    -56.47798    -1.11      0.83     1.39     3 
2280641893   -5.82882    -56.46823    -1.12      0.84     1.40     3 
2280641894   -5.82881    -56.45847    -1.14      0.85     1.42     3 
2280641895   -5.82880    -56.44872    -1.13      0.82     1.40     3 
2280641896   -5.82879    -56.43896    -1.14      0.81     1.40     3 
2280641897   -5.82878    -56.42921    -1.12      0.87     1.42     3 
2280641898   -5.82877    -56.41945    -1.12      0.87     1.42     3 
2280641899   -5.82876    -56.40969    -1.10      0.85     1.39     3 
2280641900   -5.82875    -56.39994    -1.06      0.91     1.40     3 
2280641901   -5.82874    -56.39018    -1.10      0.91     1.43     3 
2280641902   -5.82873    -56.38043    -1.14      0.93     1.47     3 
2280641903   -5.82872    -56.37067    -1.08      0.96     1.45     3 
2280641904   -5.82871    -56.36092    -1.00      0.92     1.36     3 
2280641905   -5.82870    -56.35116    -1.04      0.95     1.41     3 
2280641907   -5.82868    -56.33165    -1.04      0.87     1.36     3 
2280641908   -5.82866    -56.32190    -1.07      0.86     1.37     3 
2280641909   -5.82865    -56.31214    -1.16      1.03     1.55     3 
2280641922   -5.82848    -56.18533    -1.02      1.07     1.48     3 
2280641926   -5.82843    -56.14631    -0.89      1.11     1.42     3 
2280641963   -5.83755    -56.51700    -1.25      1.08     1.65     3 
2280641964   -5.83754    -56.50724    -1.15      0.93     1.48     3 
2280641965   -5.83753    -56.49748    -1.13      0.87     1.43     3 
2280641966   -5.83752    -56.48773    -1.12      0.88     1.42     3 
2280641967   -5.83751    -56.47797    -1.12      0.89     1.43     3 
2280641968   -5.83751    -56.46822    -1.12      0.87     1.42     3 
2280641971   -5.83748    -56.43895    -1.10      0.84     1.38     3 
2280641972   -5.83747    -56.42920    -1.12      0.84     1.41     3 
2280641973   -5.83746    -56.41944    -1.15      0.89     1.45     3 
2280641974   -5.83745    -56.40969    -1.13      0.86     1.42     3 
2280641975   -5.83744    -56.39993    -1.11      0.90     1.42     3 
2280641976   -5.83743    -56.39017    -1.15      0.86     1.44     3 
2280641977   -5.83742    -56.38042    -1.15      0.89     1.45     3 
2280641978   -5.83741    -56.37066    -1.11      0.95     1.46     3 
2280641979   -5.83739    -56.36091    -1.09      0.95     1.45     3 
2280641980   -5.83738    -56.35115    -1.07      0.96     1.44     3 
2280641981   -5.83737    -56.34140    -1.08      0.99     1.47     3 
2280641982   -5.83736    -56.33164    -1.01      0.91     1.36     3 
2280641983   -5.83735    -56.32189    -1.04      0.89     1.37     3 
2280641984   -5.83734    -56.31213    -1.17      1.07     1.59     3 
2280641997   -5.83717    -56.18532    -1.10      1.06     1.53     3 
2280642001   -5.83711    -56.14630    -0.94      1.14     1.48     3 
2280642039   -5.84623    -56.50723    -1.16      0.97     1.51     3 
2280642040   -5.84622    -56.49748    -1.13      0.95     1.48     3 
2280642041   -5.84621    -56.48772    -1.03      0.89     1.36     3 
2280642047   -5.84615    -56.42919    -1.09      0.87     1.39     3 
2280642048   -5.84614    -56.41943    -1.09      0.85     1.38     3 
2280642049   -5.84613    -56.40968    -1.13      0.89     1.44     3 
2280642050   -5.84612    -56.39992    -1.10      0.88     1.41     3 
2280642051   -5.84611    -56.39017    -1.13      0.85     1.41     3 
2280642052   -5.84610    -56.38041    -1.14      0.90     1.45     3 
2280642053   -5.84609    -56.37065    -1.06      0.97     1.44     3 
2280642055   -5.84607    -56.35114    -1.21      0.94     1.53     3 
2280642056   -5.84606    -56.34139    -1.16      0.86     1.44     3 
2280642057   -5.84605    -56.33163    -1.08      0.86     1.38     3 
2280642058   -5.84603    -56.32188    -1.10      0.88     1.41     3 
2280642064   -5.84596    -56.26335    -1.23      1.08     1.63     3 
2280642069   -5.84589    -56.21457    -1.16      1.16     1.64     3 
2280642070   -5.84588    -56.20481    -1.06      1.06     1.49     3 
2280642071   -5.84586    -56.19506    -1.07      1.09     1.53     3 
2280642072   -5.84585    -56.18530    -1.07      1.13     1.55     3 
2280642073   -5.84584    -56.17555    -1.02      1.13     1.52     3 
2280642076   -5.84579    -56.14628    -0.85      1.14     1.42     3 
2280642077   -5.84578    -56.13653    -0.99      1.07     1.46     3 
2280642078   -5.84576    -56.12677    -1.13      1.09     1.57     3 
2280642115   -5.85490    -56.49747    -1.12      0.93     1.45     3 
2280642122   -5.85484    -56.42918    -1.14      0.93     1.47     3 
2280642126   -5.85480    -56.39016    -1.15      0.91     1.47     3 
2280642127   -5.85478    -56.38040    -1.15      0.99     1.52     3 
2280642128   -5.85477    -56.37065    -1.09      0.98     1.47     3 
2280642131   -5.85474    -56.34138    -1.16      0.81     1.42     3 
2280642132   -5.85473    -56.33162    -1.15      0.81     1.41     3 
2280642142   -5.85460    -56.23407    -1.14      0.91     1.46     3 
2280642143   -5.85459    -56.22431    -1.07      1.05     1.50     3 
2280642144   -5.85458    -56.21456    -1.11      1.11     1.57     3 
2280642145   -5.85456    -56.20480    -1.03      1.07     1.49     3 
2280642146   -5.85455    -56.19505    -1.12      1.02     1.51     3 
2280642147   -5.85454    -56.18529    -1.13      1.04     1.54     3 
2280642148   -5.85452    -56.17554    -1.06      1.08     1.51     3 
2280642149   -5.85451    -56.16578    -0.95      1.12     1.47     3 
2280642151   -5.85448    -56.14627    -0.82      1.18     1.44     3 
2280642152   -5.85446    -56.13652    -0.98      1.07     1.45     3 
2280642153   -5.85445    -56.12676    -1.07      1.03     1.49     3 
2280642196   -5.86353    -56.43893    -1.21      0.90     1.51     3 
2280642197   -5.86352    -56.42917    -1.25      0.96     1.57     3 
2280642200   -5.86349    -56.39990    -1.12      0.94     1.47     3 
2280642201   -5.86348    -56.39015    -1.18      0.94     1.51     3 
2280642202   -5.86347    -56.38039    -1.19      1.05     1.58     3 
2280642203   -5.86346    -56.37064    -1.16      1.02     1.54     3 
2280642204   -5.86345    -56.36088    -1.12      0.99     1.49     3 
2280642205   -5.86343    -56.35112    -1.08      1.04     1.50     3 
2280642206   -5.86342    -56.34137    -1.08      0.87     1.39     3 
2280642207   -5.86341    -56.33161    -1.11      0.82     1.38     3 
2280642217   -5.86329    -56.23406    -1.16      0.92     1.48     3 
2280642218   -5.86327    -56.22430    -1.01      1.03     1.44     3 
2280642219   -5.86326    -56.21455    -1.07      1.06     1.51     3 
2280642220   -5.86325    -56.20479    -1.06      1.02     1.47     3 
2280642221   -5.86323    -56.19503    -1.10      1.00     1.48     3 
2280642222   -5.86322    -56.18528    -1.11      1.02     1.50     3 
2280642223   -5.86320    -56.17552    -1.08      1.08     1.53     3 
2280642224   -5.86319    -56.16577    -1.04      1.14     1.54     3 
2280642227   -5.86315    -56.13650    -0.97      1.09     1.46     3 
2280642228   -5.86313    -56.12675    -1.03      0.98     1.42     3 
2280642262   -5.87230    -56.52672    -1.00      0.88     1.33     3 
2280642263   -5.87229    -56.51697    -1.10      0.85     1.39     3 
2280642266   -5.87226    -56.48770    -0.87      1.10     1.40     3 
2280642272   -5.87220    -56.42916    -1.22      0.90     1.52     3 
2280642278   -5.87214    -56.37062    -1.21      1.01     1.57     3 
2280642279   -5.87213    -56.36087    -1.13      0.91     1.45     3 
2280642280   -5.87212    -56.35111    -1.09      0.95     1.45     3 
2280642283   -5.87209    -56.32185    -1.19      1.10     1.62     3 
2280642294   -5.87194    -56.21453    -1.12      1.11     1.57     3 
2280642295   -5.87193    -56.20478    -1.10      1.02     1.50     3 
2280642296   -5.87192    -56.19502    -1.09      1.07     1.52     3 
2280642297   -5.87190    -56.18527    -1.04      1.08     1.50     3 
2280642298   -5.87189    -56.17551    -1.05      1.11     1.53     3 
2280642299   -5.87187    -56.16575    -1.01      1.06     1.46     3 
2280642337   -5.88098    -56.52672    -1.10      0.93     1.44     3 
2280642340   -5.88095    -56.49745    -1.26      0.82     1.51     3 
2280642348   -5.88088    -56.41940    -1.20      0.82     1.45     3 
2280642353   -5.88083    -56.37062    -1.21      0.97     1.55     3 
2280642354   -5.88081    -56.36086    -1.16      0.87     1.45     3 
2280642355   -5.88080    -56.35110    -1.15      0.88     1.45     3 
2280642358   -5.88077    -56.32184    -1.19      1.10     1.62     3 
2280642426   -5.88953    -56.39012    -1.20      0.88     1.49     3 
2280642428   -5.88951    -56.37061    -1.18      0.81     1.43     3 
2280642429   -5.88950    -56.36085    -1.15      0.83     1.42     3 
2280642430   -5.88949    -56.35109    -1.19      0.90     1.50     3 
2280642431   -5.88948    -56.34134    -1.18      0.95     1.52     3 
2280642432   -5.88946    -56.33158    -1.20      1.02     1.57     3 
2280642433   -5.88945    -56.32182    -1.22      1.05     1.61     3 
2280642434   -5.88944    -56.31207    -1.17      1.00     1.54     3 
2280642452   -5.88920    -56.13646    -0.98      0.98     1.39     3 
2280642503   -5.89819    -56.37060    -1.14      0.78     1.38     3 
2280642504   -5.89818    -56.36084    -1.11      0.80     1.37     3 
2280642505   -5.89817    -56.35108    -1.14      0.89     1.45     3 
2280642508   -5.89814    -56.32181    -1.16      0.98     1.52     3 
2280642509   -5.89812    -56.31206    -1.13      0.95     1.48     3 
2280642523   -5.89794    -56.17547    -1.10      1.08     1.54     3 
2280642524   -5.89792    -56.16572    -1.08      1.11     1.55     3 
2280642578   -5.90688    -56.37059    -1.10      0.82     1.37     3 
2280642579   -5.90687    -56.36083    -1.11      0.82     1.38     3 
2280642580   -5.90686    -56.35107    -1.14      0.88     1.44     3 
2280642637   -5.91572    -56.52669    -0.97      0.90     1.33     3 
2280642860   -5.94179    -56.54618    -1.27      0.92     1.57     3 
2280642871   -5.94169    -56.43885    -1.16      0.50     1.27     3 
2280642881   -5.94158    -56.34128    -1.13      0.65     1.30     3 
2280642935   -5.95047    -56.54617    -1.13      0.55     1.26     3 
2280642963   -5.95018    -56.27296    -1.18      0.99     1.54     3 
2280643009   -5.95916    -56.55592    -1.20      0.93     1.52     3 
2280643084   -5.96785    -56.55591    -1.12      0.62     1.28     3 
2280643107   -5.96762    -56.33149    -1.30      0.86     1.56     3 
2280643114   -5.96753    -56.26318    -1.13      1.01     1.52     3 
2280643115   -5.96752    -56.25343    -1.14      1.06     1.56     3 
2280643116   -5.96751    -56.24367    -1.11      1.04     1.52     3 
2280643117   -5.96749    -56.23391    -0.97      1.10     1.47     3 
2280643159   -5.97653    -56.55591    -1.13      0.65     1.30     3 
2280643182   -5.97630    -56.33148    -1.09      0.84     1.38     3 
2280643183   -5.97629    -56.32172    -1.13      0.84     1.41     3 
2280643184   -5.97628    -56.31196    -1.16      0.94     1.49     3 
2280643185   -5.97627    -56.30220    -1.12      1.01     1.50     3 
2280643186   -5.97625    -56.29245    -1.11      0.96     1.47     3 
2280643191   -5.97619    -56.24366    -1.13      1.05     1.54     3 
2280643257   -5.98499    -56.33147    -1.03      0.85     1.34     3 
2280643258   -5.98498    -56.32171    -1.07      0.93     1.42     3 
2280643259   -5.98496    -56.31195    -1.10      0.93     1.44     3 
2280643260   -5.98495    -56.30219    -1.08      0.97     1.46     3 
2280643261   -5.98494    -56.29243    -1.16      1.01     1.54     3 
2280643288   -5.98454    -56.02898    -0.99      1.06     1.45     3 
2280643314   -5.99386    -56.50710    -1.14      0.78     1.38     3 
2280643536   -6.01994    -56.53636    -1.12      0.64     1.29     3 
2280643782   -6.04577    -56.33139    -0.86      0.89     1.24     3 
2280643859   -6.05443    -56.31186    -0.94      1.22     1.54     3 
2280644009   -6.07180    -56.31184    -1.23      0.89     1.52     3 
2280644010   -6.07179    -56.30208    -0.91      1.02     1.36     3 
2280644016   -6.07171    -56.24352    -1.29      1.00     1.64     3 
2280644085   -6.08047    -56.30207    -1.07      0.91     1.41     3 
2280644160   -6.08916    -56.30206    -1.24      0.95     1.57     3 
2280644312   -6.10650    -56.28252    -1.11      0.95     1.46     3 
2280644313   -6.10649    -56.27276    -1.04      0.96     1.42     3 
2280644386   -6.11519    -56.29227    -1.15      0.81     1.41     3 
2280644461   -6.12388    -56.29225    -1.01      0.82     1.30     3 
2280644536   -6.13256    -56.29224    -1.07      0.82     1.35     3 
2280644673   -6.15008    -56.41911    -1.07      0.96     1.44     3 
----------------------------------------------------------------------
---------------------------------------------------
Total correlated GCPs in Upper Left Quadrant: 319

GCP statistics this quadrant only (in Pixels)
Line residual statistics:
  Mean: -1.094
  Median: -1.095
  Standard Deviation: 0.064

Sample residual statistics:
  Mean: 0.895
  Median: 0.890
  Standard Deviation: 0.078

Quadrant RMSE: 1.417

---------------------------------------------------
Total correlated GCPs in Upper Right Quadrant: 118

GCP statistics this quadrant only (in Pixels)
Line residual statistics:
  Mean: -1.005
  Median: -1.010
  Standard Deviation: 0.079

Sample residual statistics:
  Mean: 1.033
  Median: 1.045
  Standard Deviation: 0.078

Quadrant RMSE: 1.446

---------------------------------------------------
Total correlated GCPs in Lower Left Quadrant: 25

GCP statistics this quadrant only (in Pixels)
Line residual statistics:
  Mean: -1.113
  Median: -1.123
  Standard Deviation: 0.092

Sample residual statistics:
  Mean: 0.850
  Median: 0.888
  Standard Deviation: 0.161

Quadrant RMSE: 1.413

---------------------------------------------------
Total correlated GCPs in Lower Right Quadrant: 16

GCP statistics this quadrant only (in Pixels)
Line residual statistics:
  Mean: -1.097
  Median: -1.108
  Standard Deviation: 0.097

Sample residual statistics:
  Mean: 0.972
  Median: 1.000
  Standard Deviation: 0.087

Quadrant RMSE: 1.471

---------------------------------------------------
---------------------------------------------------
Total correlated GCPs in scene: 478

GCP statistics entire scene (in Pixels)
Line residual statistics:
  Mean: -1.073
  Median: -1.079
  Standard Deviation: 0.081

Sample residual statistics:
  Mean: 0.929
  Median: 0.918
  Standard Deviation: 0.105

Scene RMSE: 1.426

